"NodeAid","NodeAType","NodeBid","NodeBType","distance","isLOS","pathLoss","maxPathLoss","bitrate","maxbitrate","isAssignable","sarDL","sarUL","status","amc","rbused"
"485","EDGE","548","EDGE","192.34640275393488","true","113.39803167780477","118.78026179472769","0.0","1252.0","true","0.0","0.0","INIT","4","0"
"548","EDGE","485","EDGE","192.34640275393488","true","113.39803167780477","118.78026179472769","0.0","1252.0","true","0.0","0.0","INIT","4","0"
"145","EDGE","163","EDGE","83.19754735852713","true","106.11856077808064","107.48026179472768","0.0","3850.0","true","0.0","0.0","INIT","12","0"
"163","EDGE","145","EDGE","83.19754735852713","true","106.11856077808064","107.48026179472768","0.0","3850.0","true","0.0","0.0","INIT","12","0"
"145","EDGE","289","EDGE","88.47995833475709","true","106.65324849522337","107.48026179472768","0.0","3850.0","true","0.0","0.0","INIT","12","0"
"289","EDGE","145","EDGE","88.47995833475709","true","106.65324849522337","107.48026179472768","0.0","3850.0","true","0.0","0.0","INIT","12","0"
"353","EDGE","525","EDGE","51.3568501478632","true","101.92831789505007","103.48026179472768","0.0","5390.0","true","0.0","0.0","INIT","15","0"
"525","EDGE","353","EDGE","51.3568501478632","true","101.92831789505007","103.48026179472768","0.0","5390.0","true","0.0","0.0","INIT","15","0"
"353","EDGE","521","EDGE","130.069828661401","true","109.99988166933181","113.48026179472768","0.0","2503.0","true","0.0","0.0","INIT","9","0"
"521","EDGE","353","EDGE","130.069828661401","true","109.99988166933181","113.48026179472768","0.0","2503.0","true","0.0","0.0","INIT","9","0"
"353","EDGE","546","EDGE","131.96124745489598","true","110.12527855342762","113.48026179472768","0.0","2503.0","true","0.0","0.0","INIT","9","0"
"546","EDGE","353","EDGE","131.96124745489598","true","110.12527855342762","113.48026179472768","0.0","2503.0","true","0.0","0.0","INIT","9","0"
"422","EDGE","479","EDGE","134.664622675153","true","110.30142067723915","113.48026179472768","0.0","2503.0","true","0.0","0.0","INIT","9","0"
"479","EDGE","422","EDGE","134.664622675153","true","110.30142067723915","113.48026179472768","0.0","2503.0","true","0.0","0.0","INIT","9","0"
"22","EDGE","48","EDGE","14.815517265630008","true","91.13068668500662","95.98026179472768","0.0","8085.0","true","0.0","0.0","INIT","20","0"
"48","EDGE","22","EDGE","14.815517265630008","true","91.13068668500662","95.98026179472768","0.0","8085.0","true","0.0","0.0","INIT","20","0"
"22","EDGE","468","EDGE","70.12415324572888","true","104.6337029093643","106.1802617947277","0.0","4620.0","true","0.0","0.0","INIT","13","0"
"468","EDGE","22","EDGE","70.12415324572888","true","104.6337029093643","106.1802617947277","0.0","4620.0","true","0.0","0.0","INIT","13","0"
"22","EDGE","187","EDGE","104.48610314601122","true","108.09752095182108","109.48026179472768","0.0","3080.0","true","0.0","0.0","INIT","11","0"
"187","EDGE","22","EDGE","104.48610314601122","true","108.09752095182108","109.48026179472768","0.0","3080.0","true","0.0","0.0","INIT","11","0"
"22","EDGE","395","EDGE","144.6717945073426","true","110.92402767580303","114.48026179472768","0.0","2310.0","true","0.0","0.0","INIT","8","0"
"395","EDGE","22","EDGE","144.6717945073426","true","110.92402767580303","114.48026179472768","0.0","2310.0","true","0.0","0.0","INIT","8","0"
"22","EDGE","304","EDGE","246.12012697649095","true","115.53929291567982","120.98026179472768","0.0","962.0","true","0.0","0.0","INIT","2","0"
"304","EDGE","22","EDGE","246.12012697649095","true","115.53929291567982","120.98026179472768","0.0","962.0","true","0.0","0.0","INIT","2","0"
"77","EDGE","331","EDGE","16.731576243891887","true","92.18708744197731","95.98026179472768","0.0","8085.0","true","0.0","0.0","INIT","20","0"
"331","EDGE","77","EDGE","16.731576243891887","true","92.18708744197731","95.98026179472768","0.0","8085.0","true","0.0","0.0","INIT","20","0"
"69","EDGE","471","EDGE","21.689464978254005","true","94.44132709119614","95.98026179472768","0.0","8085.0","true","0.0","0.0","INIT","20","0"
"471","EDGE","69","EDGE","21.689464978254005","true","94.44132709119614","95.98026179472768","0.0","8085.0","true","0.0","0.0","INIT","20","0"
"69","EDGE","450","EDGE","96.3401693866777","true","107.39249841743676","107.48026179472768","0.0","3850.0","true","0.0","0.0","INIT","12","0"
"450","EDGE","69","EDGE","96.3401693866777","true","107.39249841743676","107.48026179472768","0.0","3850.0","true","0.0","0.0","INIT","12","0"
"69","EDGE","378","EDGE","145.33952156320797","true","110.96402483069139","114.48026179472768","0.0","2310.0","true","0.0","0.0","INIT","8","0"
"378","EDGE","69","EDGE","145.33952156320797","true","110.96402483069139","114.48026179472768","0.0","2310.0","true","0.0","0.0","INIT","8","0"
"48","EDGE","468","EDGE","61.02313293423245","true","103.42624031828538","105.1802617947277","0.0","5005.0","true","0.0","0.0","INIT","14","0"
"468","EDGE","48","EDGE","61.02313293423245","true","103.42624031828538","105.1802617947277","0.0","5005.0","true","0.0","0.0","INIT","14","0"
"48","EDGE","187","EDGE","96.16656159698061","true","107.37683207161382","107.48026179472768","0.0","3850.0","true","0.0","0.0","INIT","12","0"
"187","EDGE","48","EDGE","96.16656159698061","true","107.37683207161382","107.48026179472768","0.0","3850.0","true","0.0","0.0","INIT","12","0"
"48","EDGE","433","EDGE","170.445400535259","true","112.34805603215095","117.48026179472768","0.0","1348.0","true","0.0","0.0","INIT","5","0"
"433","EDGE","48","EDGE","170.445400535259","true","112.34805603215095","117.48026179472768","0.0","1348.0","true","0.0","0.0","INIT","5","0"
"132","EDGE","348","EDGE","10.958563273107057","true","88.51142269671601","95.98026179472768","0.0","8085.0","true","0.0","0.0","INIT","20","0"
"348","EDGE","132","EDGE","10.958563273107057","true","88.51142269671601","95.98026179472768","0.0","8085.0","true","0.0","0.0","INIT","20","0"
"132","EDGE","583","EDGE","59.03715813672482","true","103.13885918112828","103.48026179472768","0.0","5390.0","true","0.0","0.0","INIT","15","0"
"583","EDGE","132","EDGE","59.03715813672482","true","103.13885918112828","103.48026179472768","0.0","5390.0","true","0.0","0.0","INIT","15","0"
"132","EDGE","390","EDGE","110.77447195989542","true","108.60514407644374","112.48026179472768","0.0","2695.0","true","0.0","0.0","INIT","10","0"
"390","EDGE","132","EDGE","110.77447195989542","true","108.60514407644374","112.48026179472768","0.0","2695.0","true","0.0","0.0","INIT","10","0"
"132","EDGE","189","EDGE","131.31485177075498","true","110.08262726170011","113.48026179472768","0.0","2503.0","true","0.0","0.0","INIT","9","0"
"189","EDGE","132","EDGE","131.31485177075498","true","110.08262726170011","113.48026179472768","0.0","2503.0","true","0.0","0.0","INIT","9","0"
"231","EDGE","356","EDGE","93.99652599366387","true","107.17858636337058","107.48026179472768","0.0","3850.0","true","0.0","0.0","INIT","12","0"
"356","EDGE","231","EDGE","93.99652599366387","true","107.17858636337058","107.48026179472768","0.0","3850.0","true","0.0","0.0","INIT","12","0"
"37","EDGE","402","EDGE","18.029832889249644","true","92.83618433525197","95.98026179472768","0.0","8085.0","true","0.0","0.0","INIT","20","0"
"402","EDGE","37","EDGE","18.029832889249644","true","92.83618433525197","95.98026179472768","0.0","8085.0","true","0.0","0.0","INIT","20","0"
"37","EDGE","559","EDGE","66.52943197526633","true","104.17662661577454","105.1802617947277","0.0","5005.0","true","0.0","0.0","INIT","14","0"
"559","EDGE","37","EDGE","66.52943197526633","true","104.17662661577454","105.1802617947277","0.0","5005.0","true","0.0","0.0","INIT","14","0"
"210","EDGE","221","EDGE","23.33076061936149","true","95.07492826030469","95.98026179472768","0.0","8085.0","true","0.0","0.0","INIT","20","0"
"221","EDGE","210","EDGE","23.33076061936149","true","95.07492826030469","95.98026179472768","0.0","8085.0","true","0.0","0.0","INIT","20","0"
"210","EDGE","308","EDGE","106.91406344826585","true","108.29704702520266","109.48026179472768","0.0","3080.0","true","0.0","0.0","INIT","11","0"
"308","EDGE","210","EDGE","106.91406344826585","true","108.29704702520266","109.48026179472768","0.0","3080.0","true","0.0","0.0","INIT","11","0"
"210","EDGE","285","EDGE","126.94128196531537","true","109.78840790399427","113.48026179472768","0.0","2503.0","true","0.0","0.0","INIT","9","0"
"285","EDGE","210","EDGE","126.94128196531537","true","109.78840790399427","113.48026179472768","0.0","2503.0","true","0.0","0.0","INIT","9","0"
"488","EDGE","519","EDGE","60.47979467234105","true","103.34855646769476","105.1802617947277","0.0","5005.0","true","0.0","0.0","INIT","14","0"
"519","EDGE","488","EDGE","60.47979467234105","true","103.34855646769476","105.1802617947277","0.0","5005.0","true","0.0","0.0","INIT","14","0"
"431","EDGE","565","EDGE","89.08701983955933","true","106.7126389272927","107.48026179472768","0.0","3850.0","true","0.0","0.0","INIT","12","0"
"565","EDGE","431","EDGE","89.08701983955933","true","106.7126389272927","107.48026179472768","0.0","3850.0","true","0.0","0.0","INIT","12","0"
"431","EDGE","432","EDGE","162.98321245300494","true","111.95920777900255","117.48026179472768","0.0","1348.0","true","0.0","0.0","INIT","5","0"
"432","EDGE","431","EDGE","162.98321245300494","true","111.95920777900255","117.48026179472768","0.0","1348.0","true","0.0","0.0","INIT","5","0"
"126","EDGE","582","EDGE","25.827243908745146","true","95.95791158561795","95.98026179472768","0.0","8085.0","true","0.0","0.0","INIT","20","0"
"582","EDGE","126","EDGE","25.827243908745146","true","95.95791158561795","95.98026179472768","0.0","8085.0","true","0.0","0.0","INIT","20","0"
"416","EDGE","548","EDGE","63.38514399811185","true","103.75609993207615","105.1802617947277","0.0","5005.0","true","0.0","0.0","INIT","14","0"
"548","EDGE","416","EDGE","63.38514399811185","true","103.75609993207615","105.1802617947277","0.0","5005.0","true","0.0","0.0","INIT","14","0"
"416","EDGE","535","EDGE","90.45601568538824","true","106.84509939558625","107.48026179472768","0.0","3850.0","true","0.0","0.0","INIT","12","0"
"535","EDGE","416","EDGE","90.45601568538824","true","106.84509939558625","107.48026179472768","0.0","3850.0","true","0.0","0.0","INIT","12","0"
"13","EDGE","518","EDGE","67.34766680000563","true","104.28280139767247","106.1802617947277","0.0","4620.0","true","0.0","0.0","INIT","13","0"
"518","EDGE","13","EDGE","67.34766680000563","true","104.28280139767247","106.1802617947277","0.0","4620.0","true","0.0","0.0","INIT","13","0"
"13","EDGE","36","EDGE","69.0516958877736","true","104.49983728980857","106.1802617947277","0.0","4620.0","true","0.0","0.0","INIT","13","0"
"36","EDGE","13","EDGE","69.0516958877736","true","104.49983728980857","106.1802617947277","0.0","4620.0","true","0.0","0.0","INIT","13","0"
"13","EDGE","249","EDGE","79.74393546943541","true","105.75030360352707","107.48026179472768","0.0","3850.0","true","0.0","0.0","INIT","12","0"
"249","EDGE","13","EDGE","79.74393546943541","true","105.75030360352707","107.48026179472768","0.0","3850.0","true","0.0","0.0","INIT","12","0"
"13","EDGE","503","EDGE","88.06187364914445","true","106.61210873603346","107.48026179472768","0.0","3850.0","true","0.0","0.0","INIT","12","0"
"503","EDGE","13","EDGE","88.06187364914445","true","106.61210873603346","107.48026179472768","0.0","3850.0","true","0.0","0.0","INIT","12","0"
"13","EDGE","353","EDGE","178.14921023441306","true","112.73202833400623","117.48026179472768","0.0","1348.0","true","0.0","0.0","INIT","5","0"
"353","EDGE","13","EDGE","178.14921023441306","true","112.73202833400623","117.48026179472768","0.0","1348.0","true","0.0","0.0","INIT","5","0"
"13","EDGE","40","EDGE","320.92148137356304","true","117.84432607096676","122.48026179472768","0.0","770.0","true","0.0","0.0","INIT","1","0"
"40","EDGE","13","EDGE","320.92148137356304","true","117.84432607096676","122.48026179472768","0.0","770.0","true","0.0","0.0","INIT","1","0"
"13","EDGE","343","EDGE","342.3985523874807","true","118.40698870366879","124.38026179472769","0.0","385.0","true","0.0","0.0","INIT","0","0"
"343","EDGE","13","EDGE","342.3985523874807","true","118.40698870366879","124.38026179472769","0.0","385.0","true","0.0","0.0","INIT","0","0"
"13","EDGE","414","EDGE","349.6182643906438","true","118.5882325564341","124.38026179472769","0.0","385.0","true","0.0","0.0","INIT","0","0"
"414","EDGE","13","EDGE","349.6182643906438","true","118.5882325564341","124.38026179472769","0.0","385.0","true","0.0","0.0","INIT","0","0"
"157","EDGE","598","EDGE","88.6272506258131","true","106.66769584479334","107.48026179472768","0.0","3850.0","true","0.0","0.0","INIT","12","0"
"598","EDGE","157","EDGE","88.6272506258131","true","106.66769584479334","107.48026179472768","0.0","3850.0","true","0.0","0.0","INIT","12","0"
"225","EDGE","367","EDGE","71.73680113436916","true","104.83119044308211","106.1802617947277","0.0","4620.0","true","0.0","0.0","INIT","13","0"
"367","EDGE","225","EDGE","71.73680113436916","true","104.83119044308211","106.1802617947277","0.0","4620.0","true","0.0","0.0","INIT","13","0"
"225","EDGE","535","EDGE","101.14318196736808","true","107.81508255476125","109.48026179472768","0.0","3080.0","true","0.0","0.0","INIT","11","0"
"535","EDGE","225","EDGE","101.14318196736808","true","107.81508255476125","109.48026179472768","0.0","3080.0","true","0.0","0.0","INIT","11","0"
"146","EDGE","380","EDGE","10.069737413794813","true","87.77671322029593","95.98026179472768","0.0","8085.0","true","0.0","0.0","INIT","20","0"
"380","EDGE","146","EDGE","10.069737413794813","true","87.77671322029593","95.98026179472768","0.0","8085.0","true","0.0","0.0","INIT","20","0"
"325","EDGE","356","EDGE","60.87746877646417","true","103.40548203845673","105.1802617947277","0.0","5005.0","true","0.0","0.0","INIT","14","0"
"356","EDGE","325","EDGE","60.87746877646417","true","103.40548203845673","105.1802617947277","0.0","5005.0","true","0.0","0.0","INIT","14","0"
"93","EDGE","171","EDGE","93.62311601554327","true","107.14401213534785","107.48026179472768","0.0","3850.0","true","0.0","0.0","INIT","12","0"
"171","EDGE","93","EDGE","93.62311601554327","true","107.14401213534785","107.48026179472768","0.0","3850.0","true","0.0","0.0","INIT","12","0"
"93","EDGE","345","EDGE","99.66305524194023","true","107.6870342391137","109.48026179472768","0.0","3080.0","true","0.0","0.0","INIT","11","0"
"345","EDGE","93","EDGE","99.66305524194023","true","107.6870342391137","109.48026179472768","0.0","3080.0","true","0.0","0.0","INIT","11","0"
"93","EDGE","173","EDGE","102.91676162734996","true","107.96607255158193","109.48026179472768","0.0","3080.0","true","0.0","0.0","INIT","11","0"
"173","EDGE","93","EDGE","102.91676162734996","true","107.96607255158193","109.48026179472768","0.0","3080.0","true","0.0","0.0","INIT","11","0"
"93","EDGE","510","EDGE","136.67818208862042","true","110.43033418135049","113.48026179472768","0.0","2503.0","true","0.0","0.0","INIT","9","0"
"510","EDGE","93","EDGE","136.67818208862042","true","110.43033418135049","113.48026179472768","0.0","2503.0","true","0.0","0.0","INIT","9","0"
"93","EDGE","206","EDGE","148.51412822870606","true","111.15170571191018","114.48026179472768","0.0","2310.0","true","0.0","0.0","INIT","8","0"
"206","EDGE","93","EDGE","148.51412822870606","true","111.15170571191018","114.48026179472768","0.0","2310.0","true","0.0","0.0","INIT","8","0"
"93","EDGE","218","EDGE","156.2749568360289","true","111.59413805860677","117.48026179472768","0.0","1348.0","true","0.0","0.0","INIT","5","0"
"218","EDGE","93","EDGE","156.2749568360289","true","111.59413805860677","117.48026179472768","0.0","1348.0","true","0.0","0.0","INIT","5","0"
"93","EDGE","213","EDGE","159.12291529385573","true","111.75100484432743","117.48026179472768","0.0","1348.0","true","0.0","0.0","INIT","5","0"
"213","EDGE","93","EDGE","159.12291529385573","true","111.75100484432743","117.48026179472768","0.0","1348.0","true","0.0","0.0","INIT","5","0"
"8","EDGE","337","EDGE","8.577209389711857","true","86.38327055319019","95.98026179472768","0.0","8085.0","true","0.0","0.0","INIT","20","0"
"337","EDGE","8","EDGE","8.577209389711857","true","86.38327055319019","95.98026179472768","0.0","8085.0","true","0.0","0.0","INIT","20","0"
"8","EDGE","548","EDGE","18.77193974807983","true","93.18653333812571","95.98026179472768","0.0","8085.0","true","0.0","0.0","INIT","20","0"
"548","EDGE","8","EDGE","18.77193974807983","true","93.18653333812571","95.98026179472768","0.0","8085.0","true","0.0","0.0","INIT","20","0"
"8","EDGE","83","EDGE","23.663408418689947","true","95.19789629615971","95.98026179472768","0.0","8085.0","true","0.0","0.0","INIT","20","0"
"83","EDGE","8","EDGE","23.663408418689947","true","95.19789629615971","95.98026179472768","0.0","8085.0","true","0.0","0.0","INIT","20","0"
"8","EDGE","486","EDGE","88.96485954934045","true","106.7007202553963","107.48026179472768","0.0","3850.0","true","0.0","0.0","INIT","12","0"
"486","EDGE","8","EDGE","88.96485954934045","true","106.7007202553963","107.48026179472768","0.0","3850.0","true","0.0","0.0","INIT","12","0"
"8","EDGE","32","EDGE","170.2495894806481","true","112.3380717738121","117.48026179472768","0.0","1348.0","true","0.0","0.0","INIT","5","0"
"32","EDGE","8","EDGE","170.2495894806481","true","112.3380717738121","117.48026179472768","0.0","1348.0","true","0.0","0.0","INIT","5","0"
"8","EDGE","485","EDGE","173.7184998220988","true","112.51327171173631","117.48026179472768","0.0","1348.0","true","0.0","0.0","INIT","5","0"
"485","EDGE","8","EDGE","173.7184998220988","true","112.51327171173631","117.48026179472768","0.0","1348.0","true","0.0","0.0","INIT","5","0"
"8","EDGE","216","EDGE","179.61376602347184","true","112.80314268544348","118.78026179472769","0.0","1252.0","true","0.0","0.0","INIT","4","0"
"216","EDGE","8","EDGE","179.61376602347184","true","112.80314268544348","118.78026179472769","0.0","1252.0","true","0.0","0.0","INIT","4","0"
"8","EDGE","257","EDGE","180.3093717697095","true","112.83671631065135","118.78026179472769","0.0","1252.0","true","0.0","0.0","INIT","4","0"
"257","EDGE","8","EDGE","180.3093717697095","true","112.83671631065135","118.78026179472769","0.0","1252.0","true","0.0","0.0","INIT","4","0"
"8","EDGE","208","EDGE","188.67946338866773","true","113.23084295471725","118.78026179472769","0.0","1252.0","true","0.0","0.0","INIT","4","0"
"208","EDGE","8","EDGE","188.67946338866773","true","113.23084295471725","118.78026179472769","0.0","1252.0","true","0.0","0.0","INIT","4","0"
"300","EDGE","494","EDGE","10.19243050366352","true","87.88190548478559","95.98026179472768","0.0","8085.0","true","0.0","0.0","INIT","20","0"
"494","EDGE","300","EDGE","10.19243050366352","true","87.88190548478559","95.98026179472768","0.0","8085.0","true","0.0","0.0","INIT","20","0"
"300","EDGE","521","EDGE","82.07165896162148","true","106.00021454931814","107.48026179472768","0.0","3850.0","true","0.0","0.0","INIT","12","0"
"521","EDGE","300","EDGE","82.07165896162148","true","106.00021454931814","107.48026179472768","0.0","3850.0","true","0.0","0.0","INIT","12","0"
"42","EDGE","137","EDGE","6.563976765822381","true","84.05969100886827","95.98026179472768","0.0","8085.0","true","0.0","0.0","INIT","20","0"
"137","EDGE","42","EDGE","6.563976765822381","true","84.05969100886827","95.98026179472768","0.0","8085.0","true","0.0","0.0","INIT","20","0"
"42","EDGE","194","EDGE","14.602520913319642","true","91.00490704412869","95.98026179472768","0.0","8085.0","true","0.0","0.0","INIT","20","0"
"194","EDGE","42","EDGE","14.602520913319642","true","91.00490704412869","95.98026179472768","0.0","8085.0","true","0.0","0.0","INIT","20","0"
"42","EDGE","115","EDGE","16.998543260914435","true","92.32458440334715","95.98026179472768","0.0","8085.0","true","0.0","0.0","INIT","20","0"
"115","EDGE","42","EDGE","16.998543260914435","true","92.32458440334715","95.98026179472768","0.0","8085.0","true","0.0","0.0","INIT","20","0"
"42","EDGE","368","EDGE","62.78657728999084","true","103.67368648286606","105.1802617947277","0.0","5005.0","true","0.0","0.0","INIT","14","0"
"368","EDGE","42","EDGE","62.78657728999084","true","103.67368648286606","105.1802617947277","0.0","5005.0","true","0.0","0.0","INIT","14","0"
"42","EDGE","256","EDGE","73.47214338131661","true","105.03880449769608","106.1802617947277","0.0","4620.0","true","0.0","0.0","INIT","13","0"
"256","EDGE","42","EDGE","73.47214338131661","true","105.03880449769608","106.1802617947277","0.0","4620.0","true","0.0","0.0","INIT","13","0"
"42","EDGE","195","EDGE","95.41593181259817","true","107.30876822388976","107.48026179472768","0.0","3850.0","true","0.0","0.0","INIT","12","0"
"195","EDGE","42","EDGE","95.41593181259817","true","107.30876822388976","107.48026179472768","0.0","3850.0","true","0.0","0.0","INIT","12","0"
"42","EDGE","506","EDGE","109.03513725887258","true","108.46767979869364","109.48026179472768","0.0","3080.0","true","0.0","0.0","INIT","11","0"
"506","EDGE","42","EDGE","109.03513725887258","true","108.46767979869364","109.48026179472768","0.0","3080.0","true","0.0","0.0","INIT","11","0"
"133","EDGE","188","EDGE","7.315356237194278","true","85.00105990402551","95.98026179472768","0.0","8085.0","true","0.0","0.0","INIT","20","0"
"188","EDGE","133","EDGE","7.315356237194278","true","85.00105990402551","95.98026179472768","0.0","8085.0","true","0.0","0.0","INIT","20","0"
"133","EDGE","233","EDGE","64.75433024825635","true","103.94172662305314","105.1802617947277","0.0","5005.0","true","0.0","0.0","INIT","14","0"
"233","EDGE","133","EDGE","64.75433024825635","true","103.94172662305314","105.1802617947277","0.0","5005.0","true","0.0","0.0","INIT","14","0"
"133","EDGE","173","EDGE","66.7131657990468","true","104.20058130825751","106.1802617947277","0.0","4620.0","true","0.0","0.0","INIT","13","0"
"173","EDGE","133","EDGE","66.7131657990468","true","104.20058130825751","106.1802617947277","0.0","4620.0","true","0.0","0.0","INIT","13","0"
"133","EDGE","211","EDGE","77.70272281626379","true","105.52507505373791","107.48026179472768","0.0","3850.0","true","0.0","0.0","INIT","12","0"
"211","EDGE","133","EDGE","77.70272281626379","true","105.52507505373791","107.48026179472768","0.0","3850.0","true","0.0","0.0","INIT","12","0"
"395","EDGE","433","EDGE","65.50600125217808","true","104.0419720896416","105.1802617947277","0.0","5005.0","true","0.0","0.0","INIT","14","0"
"433","EDGE","395","EDGE","65.50600125217808","true","104.0419720896416","105.1802617947277","0.0","5005.0","true","0.0","0.0","INIT","14","0"
"395","EDGE","457","EDGE","65.96996834653093","true","104.1032758201766","105.1802617947277","0.0","5005.0","true","0.0","0.0","INIT","14","0"
"457","EDGE","395","EDGE","65.96996834653093","true","104.1032758201766","105.1802617947277","0.0","5005.0","true","0.0","0.0","INIT","14","0"
"226","EDGE","313","EDGE","4.20760312227051","true","80.19704568036406","95.98026179472768","0.0","8085.0","true","0.0","0.0","INIT","20","0"
"313","EDGE","226","EDGE","4.20760312227051","true","80.19704568036406","95.98026179472768","0.0","8085.0","true","0.0","0.0","INIT","20","0"
"304","EDGE","457","EDGE","132.8687345922941","true","110.18480628449844","113.48026179472768","0.0","2503.0","true","0.0","0.0","INIT","9","0"
"457","EDGE","304","EDGE","132.8687345922941","true","110.18480628449844","113.48026179472768","0.0","2503.0","true","0.0","0.0","INIT","9","0"
"304","EDGE","434","EDGE","198.48910290176764","true","113.67108368389513","119.48026179472768","0.0","1155.0","true","0.0","0.0","INIT","3","0"
"434","EDGE","304","EDGE","198.48910290176764","true","113.67108368389513","119.48026179472768","0.0","1155.0","true","0.0","0.0","INIT","3","0"
"242","EDGE","584","EDGE","8.568087020435247","true","86.37402768000143","95.98026179472768","0.0","8085.0","true","0.0","0.0","INIT","20","0"
"584","EDGE","242","EDGE","8.568087020435247","true","86.37402768000143","95.98026179472768","0.0","8085.0","true","0.0","0.0","INIT","20","0"
"242","EDGE","444","EDGE","22.95765451976869","true","94.93490062779507","95.98026179472768","0.0","8085.0","true","0.0","0.0","INIT","20","0"
"444","EDGE","242","EDGE","22.95765451976869","true","94.93490062779507","95.98026179472768","0.0","8085.0","true","0.0","0.0","INIT","20","0"
"189","EDGE","390","EDGE","20.940058911011278","true","94.13590828924504","95.98026179472768","0.0","8085.0","true","0.0","0.0","INIT","20","0"
"390","EDGE","189","EDGE","20.940058911011278","true","94.13590828924504","95.98026179472768","0.0","8085.0","true","0.0","0.0","INIT","20","0"
"189","EDGE","536","EDGE","112.89670214814359","true","108.7699754228586","112.48026179472768","0.0","2695.0","true","0.0","0.0","INIT","10","0"
"536","EDGE","189","EDGE","112.89670214814359","true","108.7699754228586","112.48026179472768","0.0","2695.0","true","0.0","0.0","INIT","10","0"
"189","EDGE","336","EDGE","181.4474532912725","true","112.89136784683794","118.78026179472769","0.0","1252.0","true","0.0","0.0","INIT","4","0"
"336","EDGE","189","EDGE","181.4474532912725","true","112.89136784683794","118.78026179472769","0.0","1252.0","true","0.0","0.0","INIT","4","0"
"209","EDGE","278","EDGE","9.559199532157509","true","87.32478084351575","95.98026179472768","0.0","8085.0","true","0.0","0.0","INIT","20","0"
"278","EDGE","209","EDGE","9.559199532157509","true","87.32478084351575","95.98026179472768","0.0","8085.0","true","0.0","0.0","INIT","20","0"
"209","EDGE","508","EDGE","70.53400728153663","true","104.6843214726184","106.1802617947277","0.0","4620.0","true","0.0","0.0","INIT","13","0"
"508","EDGE","209","EDGE","70.53400728153663","true","104.6843214726184","106.1802617947277","0.0","4620.0","true","0.0","0.0","INIT","13","0"
"105","EDGE","531","EDGE","56.08346466404165","true","102.69304700950615","103.48026179472768","0.0","5390.0","true","0.0","0.0","INIT","15","0"
"531","EDGE","105","EDGE","56.08346466404165","true","102.69304700950615","103.48026179472768","0.0","5390.0","true","0.0","0.0","INIT","15","0"
"105","EDGE","596","EDGE","75.56674163008071","true","105.28296423088094","106.1802617947277","0.0","4620.0","true","0.0","0.0","INIT","13","0"
"596","EDGE","105","EDGE","75.56674163008071","true","105.28296423088094","106.1802617947277","0.0","4620.0","true","0.0","0.0","INIT","13","0"
"437","EDGE","450","EDGE","51.918961284643956","true","102.02287020975652","103.48026179472768","0.0","5390.0","true","0.0","0.0","INIT","15","0"
"450","EDGE","437","EDGE","51.918961284643956","true","102.02287020975652","103.48026179472768","0.0","5390.0","true","0.0","0.0","INIT","15","0"
"260","EDGE","355","EDGE","130.67076009991388","true","110.03991865338148","113.48026179472768","0.0","2503.0","true","0.0","0.0","INIT","9","0"
"355","EDGE","260","EDGE","130.67076009991388","true","110.03991865338148","113.48026179472768","0.0","2503.0","true","0.0","0.0","INIT","9","0"
"266","EDGE","505","EDGE","9.736398536860179","true","87.48431715463362","95.98026179472768","0.0","8085.0","true","0.0","0.0","INIT","20","0"
"505","EDGE","266","EDGE","9.736398536860179","true","87.48431715463362","95.98026179472768","0.0","8085.0","true","0.0","0.0","INIT","20","0"
"266","EDGE","328","EDGE","22.072581522446285","true","94.59341289638087","95.98026179472768","0.0","8085.0","true","0.0","0.0","INIT","20","0"
"328","EDGE","266","EDGE","22.072581522446285","true","94.59341289638087","95.98026179472768","0.0","8085.0","true","0.0","0.0","INIT","20","0"
"248","EDGE","413","EDGE","13.324152883552586","true","90.2091424504994","95.98026179472768","0.0","8085.0","true","0.0","0.0","INIT","20","0"
"413","EDGE","248","EDGE","13.324152883552586","true","90.2091424504994","95.98026179472768","0.0","8085.0","true","0.0","0.0","INIT","20","0"
"248","EDGE","481","EDGE","116.5142979385193","true","109.04393475932558","112.48026179472768","0.0","2695.0","true","0.0","0.0","INIT","10","0"
"481","EDGE","248","EDGE","116.5142979385193","true","109.04393475932558","112.48026179472768","0.0","2695.0","true","0.0","0.0","INIT","10","0"
"108","EDGE","358","EDGE","11.24436106881675","true","88.73504596286624","95.98026179472768","0.0","8085.0","true","0.0","0.0","INIT","20","0"
"358","EDGE","108","EDGE","11.24436106881675","true","88.73504596286624","95.98026179472768","0.0","8085.0","true","0.0","0.0","INIT","20","0"
"108","EDGE","209","EDGE","52.957618144749475","true","102.19491918156305","103.48026179472768","0.0","5390.0","true","0.0","0.0","INIT","15","0"
"209","EDGE","108","EDGE","52.957618144749475","true","102.19491918156305","103.48026179472768","0.0","5390.0","true","0.0","0.0","INIT","15","0"
"0","PoP","367","EDGE","18.65828338898533","true","93.1337840065357","95.98026179472768","0.0","8085.0","true","0.0","0.0","INIT","20","0"
"367","EDGE","0","PoP","18.65828338898533","true","93.1337840065357","95.98026179472768","0.0","8085.0","true","0.0","0.0","INIT","20","0"
"0","PoP","93","EDGE","50.361691276756325","true","101.75835643460871","103.48026179472768","0.0","5390.0","true","0.0","0.0","INIT","15","0"
"93","EDGE","0","PoP","50.361691276756325","true","101.75835643460871","103.48026179472768","0.0","5390.0","true","0.0","0.0","INIT","15","0"
"0","PoP","173","EDGE","52.82157456168655","true","102.17257716571406","103.48026179472768","0.0","5390.0","true","0.0","0.0","INIT","15","0"
"173","EDGE","0","PoP","52.82157456168655","true","102.17257716571406","103.48026179472768","0.0","5390.0","true","0.0","0.0","INIT","15","0"
"0","PoP","171","EDGE","71.52112232013984","true","104.80503672330329","106.1802617947277","0.0","4620.0","true","0.0","0.0","INIT","13","0"
"171","EDGE","0","PoP","71.52112232013984","true","104.80503672330329","106.1802617947277","0.0","4620.0","true","0.0","0.0","INIT","13","0"
"0","PoP","345","EDGE","71.73002374689635","true","104.83036979845274","106.1802617947277","0.0","4620.0","true","0.0","0.0","INIT","13","0"
"345","EDGE","0","PoP","71.73002374689635","true","104.83036979845274","106.1802617947277","0.0","4620.0","true","0.0","0.0","INIT","13","0"
"0","PoP","190","EDGE","77.20111842578407","true","105.46882214779082","106.1802617947277","0.0","4620.0","true","0.0","0.0","INIT","13","0"
"190","EDGE","0","PoP","77.20111842578407","true","105.46882214779082","106.1802617947277","0.0","4620.0","true","0.0","0.0","INIT","13","0"
"0","PoP","565","EDGE","82.07737479817126","true","106.00081945236683","107.48026179472768","0.0","3850.0","true","0.0","0.0","INIT","12","0"
"565","EDGE","0","PoP","82.07737479817126","true","106.00081945236683","107.48026179472768","0.0","3850.0","true","0.0","0.0","INIT","12","0"
"0","PoP","510","EDGE","94.28733816873645","true","107.2054178125548","107.48026179472768","0.0","3850.0","true","0.0","0.0","INIT","12","0"
"510","EDGE","0","PoP","94.28733816873645","true","107.2054178125548","107.48026179472768","0.0","3850.0","true","0.0","0.0","INIT","12","0"
"0","PoP","206","EDGE","103.24972387431893","true","107.9941282837076","109.48026179472768","0.0","3080.0","true","0.0","0.0","INIT","11","0"
"206","EDGE","0","PoP","103.24972387431893","true","107.9941282837076","109.48026179472768","0.0","3080.0","true","0.0","0.0","INIT","11","0"
"0","PoP","396","EDGE","160.7640392889588","true","111.84012849731333","117.48026179472768","0.0","1348.0","true","0.0","0.0","INIT","5","0"
"396","EDGE","0","PoP","160.7640392889588","true","111.84012849731333","117.48026179472768","0.0","1348.0","true","0.0","0.0","INIT","5","0"
"0","PoP","410","EDGE","181.57943024790617","true","112.89768328727813","118.78026179472769","0.0","1252.0","true","0.0","0.0","INIT","4","0"
"410","EDGE","0","PoP","181.57943024790617","true","112.89768328727813","118.78026179472769","0.0","1252.0","true","0.0","0.0","INIT","4","0"
"0","PoP","386","EDGE","187.43294573194422","true","113.17326892005273","118.78026179472769","0.0","1252.0","true","0.0","0.0","INIT","4","0"
"386","EDGE","0","PoP","187.43294573194422","true","113.17326892005273","118.78026179472769","0.0","1252.0","true","0.0","0.0","INIT","4","0"
"76","EDGE","437","EDGE","7.83939049142114","true","85.60199626268665","95.98026179472768","0.0","8085.0","true","0.0","0.0","INIT","20","0"
"437","EDGE","76","EDGE","7.83939049142114","true","85.60199626268665","95.98026179472768","0.0","8085.0","true","0.0","0.0","INIT","20","0"
"76","EDGE","450","EDGE","59.75817247444609","true","103.24429645436673","105.1802617947277","0.0","5005.0","true","0.0","0.0","INIT","14","0"
"450","EDGE","76","EDGE","59.75817247444609","true","103.24429645436673","105.1802617947277","0.0","5005.0","true","0.0","0.0","INIT","14","0"
"76","EDGE","80","EDGE","155.56885061940716","true","111.55480316719408","117.48026179472768","0.0","1348.0","true","0.0","0.0","INIT","5","0"
"80","EDGE","76","EDGE","155.56885061940716","true","111.55480316719408","117.48026179472768","0.0","1348.0","true","0.0","0.0","INIT","5","0"
"235","EDGE","293","EDGE","15.680056277756208","true","91.62330264800747","95.98026179472768","0.0","8085.0","true","0.0","0.0","INIT","20","0"
"293","EDGE","235","EDGE","15.680056277756208","true","91.62330264800747","95.98026179472768","0.0","8085.0","true","0.0","0.0","INIT","20","0"
"85","EDGE","376","EDGE","91.65383134547908","true","106.95936279034555","107.48026179472768","0.0","3850.0","true","0.0","0.0","INIT","12","0"
"376","EDGE","85","EDGE","91.65383134547908","true","106.95936279034555","107.48026179472768","0.0","3850.0","true","0.0","0.0","INIT","12","0"
"85","EDGE","139","EDGE","99.84633595509104","true","107.70299295148806","109.48026179472768","0.0","3080.0","true","0.0","0.0","INIT","11","0"
"139","EDGE","85","EDGE","99.84633595509104","true","107.70299295148806","109.48026179472768","0.0","3080.0","true","0.0","0.0","INIT","11","0"
"85","EDGE","239","EDGE","196.88799037120936","true","113.60073482961259","119.48026179472768","0.0","1155.0","true","0.0","0.0","INIT","3","0"
"239","EDGE","85","EDGE","196.88799037120936","true","113.60073482961259","119.48026179472768","0.0","1155.0","true","0.0","0.0","INIT","3","0"
"333","EDGE","560","EDGE","10.120830819604915","true","87.82067361073956","95.98026179472768","0.0","8085.0","true","0.0","0.0","INIT","20","0"
"560","EDGE","333","EDGE","10.120830819604915","true","87.82067361073956","95.98026179472768","0.0","8085.0","true","0.0","0.0","INIT","20","0"
"328","EDGE","505","EDGE","14.232107521279774","true","90.7817346284607","95.98026179472768","0.0","8085.0","true","0.0","0.0","INIT","20","0"
"505","EDGE","328","EDGE","14.232107521279774","true","90.7817346284607","95.98026179472768","0.0","8085.0","true","0.0","0.0","INIT","20","0"
"328","EDGE","538","EDGE","19.93325253468375","true","93.7079136837351","95.98026179472768","0.0","8085.0","true","0.0","0.0","INIT","20","0"
"538","EDGE","328","EDGE","19.93325253468375","true","93.7079136837351","95.98026179472768","0.0","8085.0","true","0.0","0.0","INIT","20","0"
"379","EDGE","455","EDGE","97.43589654885739","true","107.49073001892971","109.48026179472768","0.0","3080.0","true","0.0","0.0","INIT","11","0"
"455","EDGE","379","EDGE","97.43589654885739","true","107.49073001892971","109.48026179472768","0.0","3080.0","true","0.0","0.0","INIT","11","0"
"379","EDGE","536","EDGE","109.09451774266596","true","108.47240884245085","109.48026179472768","0.0","3080.0","true","0.0","0.0","INIT","11","0"
"536","EDGE","379","EDGE","109.09451774266596","true","108.47240884245085","109.48026179472768","0.0","3080.0","true","0.0","0.0","INIT","11","0"
"159","EDGE","502","EDGE","14.273906012693525","true","90.80720696209457","95.98026179472768","0.0","8085.0","true","0.0","0.0","INIT","20","0"
"502","EDGE","159","EDGE","14.273906012693525","true","90.80720696209457","95.98026179472768","0.0","8085.0","true","0.0","0.0","INIT","20","0"
"159","EDGE","416","EDGE","70.92722416320942","true","104.7326095752991","106.1802617947277","0.0","4620.0","true","0.0","0.0","INIT","13","0"
"416","EDGE","159","EDGE","70.92722416320942","true","104.7326095752991","106.1802617947277","0.0","4620.0","true","0.0","0.0","INIT","13","0"
"372","EDGE","539","EDGE","19.022918934200433","true","93.30189344965973","95.98026179472768","0.0","8085.0","true","0.0","0.0","INIT","20","0"
"539","EDGE","372","EDGE","19.022918934200433","true","93.30189344965973","95.98026179472768","0.0","8085.0","true","0.0","0.0","INIT","20","0"
"185","EDGE","361","EDGE","72.85456982259703","true","104.96548627018322","106.1802617947277","0.0","4620.0","true","0.0","0.0","INIT","13","0"
"361","EDGE","185","EDGE","72.85456982259703","true","104.96548627018322","106.1802617947277","0.0","4620.0","true","0.0","0.0","INIT","13","0"
"185","EDGE","401","EDGE","154.32796033189638","true","111.48524263404386","117.48026179472768","0.0","1348.0","true","0.0","0.0","INIT","5","0"
"401","EDGE","185","EDGE","154.32796033189638","true","111.48524263404386","117.48026179472768","0.0","1348.0","true","0.0","0.0","INIT","5","0"
"185","EDGE","203","EDGE","170.45630643515486","true","112.34861177852004","117.48026179472768","0.0","1348.0","true","0.0","0.0","INIT","5","0"
"203","EDGE","185","EDGE","170.45630643515486","true","112.34861177852004","117.48026179472768","0.0","1348.0","true","0.0","0.0","INIT","5","0"
"95","EDGE","111","EDGE","13.838326631950958","true","90.53802185074107","95.98026179472768","0.0","8085.0","true","0.0","0.0","INIT","20","0"
"111","EDGE","95","EDGE","13.838326631950958","true","90.53802185074107","95.98026179472768","0.0","8085.0","true","0.0","0.0","INIT","20","0"
"510","EDGE","565","EDGE","161.99416953159988","true","111.90633798151757","117.48026179472768","0.0","1348.0","true","0.0","0.0","INIT","5","0"
"565","EDGE","510","EDGE","161.99416953159988","true","111.90633798151757","117.48026179472768","0.0","1348.0","true","0.0","0.0","INIT","5","0"
"49","EDGE","232","EDGE","99.20413898709069","true","107.64694614882937","109.48026179472768","0.0","3080.0","true","0.0","0.0","INIT","11","0"
"232","EDGE","49","EDGE","99.20413898709069","true","107.64694614882937","109.48026179472768","0.0","3080.0","true","0.0","0.0","INIT","11","0"
"15","EDGE","286","EDGE","15.885802849782781","true","91.73653367519609","95.98026179472768","0.0","8085.0","true","0.0","0.0","INIT","20","0"
"286","EDGE","15","EDGE","15.885802849782781","true","91.73653367519609","95.98026179472768","0.0","8085.0","true","0.0","0.0","INIT","20","0"
"15","EDGE","517","EDGE","123.74921124155432","true","109.56719909596185","113.48026179472768","0.0","2503.0","true","0.0","0.0","INIT","9","0"
"517","EDGE","15","EDGE","123.74921124155432","true","109.56719909596185","113.48026179472768","0.0","2503.0","true","0.0","0.0","INIT","9","0"
"15","EDGE","575","EDGE","160.14264967847134","true","111.80649050527256","117.48026179472768","0.0","1348.0","true","0.0","0.0","INIT","5","0"
"575","EDGE","15","EDGE","160.14264967847134","true","111.80649050527256","117.48026179472768","0.0","1348.0","true","0.0","0.0","INIT","5","0"
"15","EDGE","221","EDGE","245.71258381658558","true","115.52489828253657","120.98026179472768","0.0","962.0","true","0.0","0.0","INIT","2","0"
"221","EDGE","15","EDGE","245.71258381658558","true","115.52489828253657","120.98026179472768","0.0","962.0","true","0.0","0.0","INIT","2","0"
"104","EDGE","533","EDGE","7.066230967034393","true","84.70010688006053","95.98026179472768","0.0","8085.0","true","0.0","0.0","INIT","20","0"
"533","EDGE","104","EDGE","7.066230967034393","true","84.70010688006053","95.98026179472768","0.0","8085.0","true","0.0","0.0","INIT","20","0"
"104","EDGE","335","EDGE","12.119944802852233","true","89.38636314526036","95.98026179472768","0.0","8085.0","true","0.0","0.0","INIT","20","0"
"335","EDGE","104","EDGE","12.119944802852233","true","89.38636314526036","95.98026179472768","0.0","8085.0","true","0.0","0.0","INIT","20","0"
"104","EDGE","217","EDGE","85.98128019003764","true","106.40442844848249","107.48026179472768","0.0","3850.0","true","0.0","0.0","INIT","12","0"
"217","EDGE","104","EDGE","85.98128019003764","true","106.40442844848249","107.48026179472768","0.0","3850.0","true","0.0","0.0","INIT","12","0"
"104","EDGE","273","EDGE","88.31909098334307","true","106.63744211558796","107.48026179472768","0.0","3850.0","true","0.0","0.0","INIT","12","0"
"273","EDGE","104","EDGE","88.31909098334307","true","106.63744211558796","107.48026179472768","0.0","3850.0","true","0.0","0.0","INIT","12","0"
"104","EDGE","299","EDGE","93.1693160518164","true","107.10180845381917","107.48026179472768","0.0","3850.0","true","0.0","0.0","INIT","12","0"
"299","EDGE","104","EDGE","93.1693160518164","true","107.10180845381917","107.48026179472768","0.0","3850.0","true","0.0","0.0","INIT","12","0"
"104","EDGE","404","EDGE","101.79769544544592","true","107.87110923229275","109.48026179472768","0.0","3080.0","true","0.0","0.0","INIT","11","0"
"404","EDGE","104","EDGE","101.79769544544592","true","107.87110923229275","109.48026179472768","0.0","3080.0","true","0.0","0.0","INIT","11","0"
"104","EDGE","342","EDGE","119.96795174897326","true","109.29765518756943","112.48026179472768","0.0","2695.0","true","0.0","0.0","INIT","10","0"
"342","EDGE","104","EDGE","119.96795174897326","true","109.29765518756943","112.48026179472768","0.0","2695.0","true","0.0","0.0","INIT","10","0"
"104","EDGE","447","EDGE","152.80667373371026","true","111.39919674994873","114.48026179472768","0.0","2310.0","true","0.0","0.0","INIT","8","0"
"447","EDGE","104","EDGE","152.80667373371026","true","111.39919674994873","114.48026179472768","0.0","2310.0","true","0.0","0.0","INIT","8","0"
"322","EDGE","358","EDGE","25.20620679134243","true","95.74650020383169","95.98026179472768","0.0","8085.0","true","0.0","0.0","INIT","20","0"
"358","EDGE","322","EDGE","25.20620679134243","true","95.74650020383169","95.98026179472768","0.0","8085.0","true","0.0","0.0","INIT","20","0"
"322","EDGE","581","EDGE","71.14532148434915","true","104.75927722936578","106.1802617947277","0.0","4620.0","true","0.0","0.0","INIT","13","0"
"581","EDGE","322","EDGE","71.14532148434915","true","104.75927722936578","106.1802617947277","0.0","4620.0","true","0.0","0.0","INIT","13","0"
"267","EDGE","562","EDGE","24.54476769761961","true","95.5155288282595","95.98026179472768","0.0","8085.0","true","0.0","0.0","INIT","20","0"
"562","EDGE","267","EDGE","24.54476769761961","true","95.5155288282595","95.98026179472768","0.0","8085.0","true","0.0","0.0","INIT","20","0"
"267","EDGE","522","EDGE","57.512619998589926","true","102.91161335455777","103.48026179472768","0.0","5390.0","true","0.0","0.0","INIT","15","0"
"522","EDGE","267","EDGE","57.512619998589926","true","102.91161335455777","103.48026179472768","0.0","5390.0","true","0.0","0.0","INIT","15","0"
"267","EDGE","511","EDGE","80.12848423212102","true","105.7920888540549","107.48026179472768","0.0","3850.0","true","0.0","0.0","INIT","12","0"
"511","EDGE","267","EDGE","80.12848423212102","true","105.7920888540549","107.48026179472768","0.0","3850.0","true","0.0","0.0","INIT","12","0"
"535","EDGE","565","EDGE","68.62718967129112","true","104.44627459838144","106.1802617947277","0.0","4620.0","true","0.0","0.0","INIT","13","0"
"565","EDGE","535","EDGE","68.62718967129112","true","104.44627459838144","106.1802617947277","0.0","4620.0","true","0.0","0.0","INIT","13","0"
"6","EDGE","427","EDGE","6.840419670025151","true","84.41800524932893","95.98026179472768","0.0","8085.0","true","0.0","0.0","INIT","20","0"
"427","EDGE","6","EDGE","6.840419670025151","true","84.41800524932893","95.98026179472768","0.0","8085.0","true","0.0","0.0","INIT","20","0"
"6","EDGE","362","EDGE","18.428990619971607","true","93.0263812860207","95.98026179472768","0.0","8085.0","true","0.0","0.0","INIT","20","0"
"362","EDGE","6","EDGE","18.428990619971607","true","93.0263812860207","95.98026179472768","0.0","8085.0","true","0.0","0.0","INIT","20","0"
"6","EDGE","377","EDGE","87.29618756945348","true","106.5362558552919","107.48026179472768","0.0","3850.0","true","0.0","0.0","INIT","12","0"
"377","EDGE","6","EDGE","87.29618756945348","true","106.5362558552919","107.48026179472768","0.0","3850.0","true","0.0","0.0","INIT","12","0"
"6","EDGE","41","EDGE","122.86489272909482","true","109.50490642248951","113.48026179472768","0.0","2503.0","true","0.0","0.0","INIT","9","0"
"41","EDGE","6","EDGE","122.86489272909482","true","109.50490642248951","113.48026179472768","0.0","2503.0","true","0.0","0.0","INIT","9","0"
"171","EDGE","345","EDGE","11.56730577389813","true","88.98099462648608","95.98026179472768","0.0","8085.0","true","0.0","0.0","INIT","20","0"
"345","EDGE","171","EDGE","11.56730577389813","true","88.98099462648608","95.98026179472768","0.0","8085.0","true","0.0","0.0","INIT","20","0"
"171","EDGE","206","EDGE","78.67238107725446","true","105.63279619837309","107.48026179472768","0.0","3850.0","true","0.0","0.0","INIT","12","0"
"206","EDGE","171","EDGE","78.67238107725446","true","105.63279619837309","107.48026179472768","0.0","3850.0","true","0.0","0.0","INIT","12","0"
"171","EDGE","367","EDGE","87.50339220169063","true","106.55684809485484","107.48026179472768","0.0","3850.0","true","0.0","0.0","INIT","12","0"
"367","EDGE","171","EDGE","87.50339220169063","true","106.55684809485484","107.48026179472768","0.0","3850.0","true","0.0","0.0","INIT","12","0"
"171","EDGE","218","EDGE","89.20767224712375","true","106.7243944500665","107.48026179472768","0.0","3850.0","true","0.0","0.0","INIT","12","0"
"218","EDGE","171","EDGE","89.20767224712375","true","106.7243944500665","107.48026179472768","0.0","3850.0","true","0.0","0.0","INIT","12","0"
"171","EDGE","213","EDGE","92.55456009545165","true","107.04430672594631","107.48026179472768","0.0","3850.0","true","0.0","0.0","INIT","12","0"
"213","EDGE","171","EDGE","92.55456009545165","true","107.04430672594631","107.48026179472768","0.0","3850.0","true","0.0","0.0","INIT","12","0"
"171","EDGE","352","EDGE","94.40217329694725","true","107.21599015826295","107.48026179472768","0.0","3850.0","true","0.0","0.0","INIT","12","0"
"352","EDGE","171","EDGE","94.40217329694725","true","107.21599015826295","107.48026179472768","0.0","3850.0","true","0.0","0.0","INIT","12","0"
"171","EDGE","565","EDGE","111.09096632909369","true","108.6299251964581","112.48026179472768","0.0","2695.0","true","0.0","0.0","INIT","10","0"
"565","EDGE","171","EDGE","111.09096632909369","true","108.6299251964581","112.48026179472768","0.0","2695.0","true","0.0","0.0","INIT","10","0"
"171","EDGE","298","EDGE","189.7490686443566","true","113.27994336423023","118.78026179472769","0.0","1252.0","true","0.0","0.0","INIT","4","0"
"298","EDGE","171","EDGE","189.7490686443566","true","113.27994336423023","118.78026179472769","0.0","1252.0","true","0.0","0.0","INIT","4","0"
"171","EDGE","277","EDGE","191.21952070353305","true","113.34699481197558","118.78026179472769","0.0","1252.0","true","0.0","0.0","INIT","4","0"
"277","EDGE","171","EDGE","191.21952070353305","true","113.34699481197558","118.78026179472769","0.0","1252.0","true","0.0","0.0","INIT","4","0"
"499","EDGE","566","EDGE","77.56895029887004","true","105.51010859415312","107.48026179472768","0.0","3850.0","true","0.0","0.0","INIT","12","0"
"566","EDGE","499","EDGE","77.56895029887004","true","105.51010859415312","107.48026179472768","0.0","3850.0","true","0.0","0.0","INIT","12","0"
"362","EDGE","427","EDGE","25.268838838531668","true","95.76805601709","95.98026179472768","0.0","8085.0","true","0.0","0.0","INIT","20","0"
"427","EDGE","362","EDGE","25.268838838531668","true","95.76805601709","95.98026179472768","0.0","8085.0","true","0.0","0.0","INIT","20","0"
"362","EDGE","377","EDGE","68.98659148640076","true","104.49164406026388","106.1802617947277","0.0","4620.0","true","0.0","0.0","INIT","13","0"
"377","EDGE","362","EDGE","68.98659148640076","true","104.49164406026388","106.1802617947277","0.0","4620.0","true","0.0","0.0","INIT","13","0"
"227","EDGE","529","EDGE","22.059127523126932","true","94.58811693302816","95.98026179472768","0.0","8085.0","true","0.0","0.0","INIT","20","0"
"529","EDGE","227","EDGE","22.059127523126932","true","94.58811693302816","95.98026179472768","0.0","8085.0","true","0.0","0.0","INIT","20","0"
"227","EDGE","453","EDGE","55.15690533113571","true","102.54834813382575","103.48026179472768","0.0","5390.0","true","0.0","0.0","INIT","15","0"
"453","EDGE","227","EDGE","55.15690533113571","true","102.54834813382575","103.48026179472768","0.0","5390.0","true","0.0","0.0","INIT","15","0"
"227","EDGE","564","EDGE","72.65166220822329","true","104.94126140691799","106.1802617947277","0.0","4620.0","true","0.0","0.0","INIT","13","0"
"564","EDGE","227","EDGE","72.65166220822329","true","104.94126140691799","106.1802617947277","0.0","4620.0","true","0.0","0.0","INIT","13","0"
"227","EDGE","405","EDGE","96.59834103721873","true","107.41574366586057","107.48026179472768","0.0","3850.0","true","0.0","0.0","INIT","12","0"
"405","EDGE","227","EDGE","96.59834103721873","true","107.41574366586057","107.48026179472768","0.0","3850.0","true","0.0","0.0","INIT","12","0"
"227","EDGE","472","EDGE","188.74677782867315","true","113.23394123321134","118.78026179472769","0.0","1252.0","true","0.0","0.0","INIT","4","0"
"472","EDGE","227","EDGE","188.74677782867315","true","113.23394123321134","118.78026179472769","0.0","1252.0","true","0.0","0.0","INIT","4","0"
"100","EDGE","169","EDGE","15.746350799243292","true","91.65994875584863","95.98026179472768","0.0","8085.0","true","0.0","0.0","INIT","20","0"
"169","EDGE","100","EDGE","15.746350799243292","true","91.65994875584863","95.98026179472768","0.0","8085.0","true","0.0","0.0","INIT","20","0"
"100","EDGE","377","EDGE","136.81001939542136","true","110.43870839551798","113.48026179472768","0.0","2503.0","true","0.0","0.0","INIT","9","0"
"377","EDGE","100","EDGE","136.81001939542136","true","110.43870839551798","113.48026179472768","0.0","2503.0","true","0.0","0.0","INIT","9","0"
"297","EDGE","463","EDGE","89.4936342349451","true","106.75219319911795","107.48026179472768","0.0","3850.0","true","0.0","0.0","INIT","12","0"
"463","EDGE","297","EDGE","89.4936342349451","true","106.75219319911795","107.48026179472768","0.0","3850.0","true","0.0","0.0","INIT","12","0"
"320","EDGE","321","EDGE","75.29576103498226","true","105.2517608498841","106.1802617947277","0.0","4620.0","true","0.0","0.0","INIT","13","0"
"321","EDGE","320","EDGE","75.29576103498226","true","105.2517608498841","106.1802617947277","0.0","4620.0","true","0.0","0.0","INIT","13","0"
"320","EDGE","566","EDGE","166.4196454074465","true","112.14044215255751","117.48026179472768","0.0","1348.0","true","0.0","0.0","INIT","5","0"
"566","EDGE","320","EDGE","166.4196454074465","true","112.14044215255751","117.48026179472768","0.0","1348.0","true","0.0","0.0","INIT","5","0"
"16","EDGE","434","EDGE","17.353594150416452","true","92.50413903344938","95.98026179472768","0.0","8085.0","true","0.0","0.0","INIT","20","0"
"434","EDGE","16","EDGE","17.353594150416452","true","92.50413903344938","95.98026179472768","0.0","8085.0","true","0.0","0.0","INIT","20","0"
"521","EDGE","569","EDGE","121.09921855091795","true","109.3791771194939","112.48026179472768","0.0","2695.0","true","0.0","0.0","INIT","10","0"
"569","EDGE","521","EDGE","121.09921855091795","true","109.3791771194939","112.48026179472768","0.0","2695.0","true","0.0","0.0","INIT","10","0"
"294","EDGE","383","EDGE","50.79098376966831","true","101.83208280124276","103.48026179472768","0.0","5390.0","true","0.0","0.0","INIT","15","0"
"383","EDGE","294","EDGE","50.79098376966831","true","101.83208280124276","103.48026179472768","0.0","5390.0","true","0.0","0.0","INIT","15","0"
"486","EDGE","548","EDGE","70.26832676018113","true","104.6515425497129","106.1802617947277","0.0","4620.0","true","0.0","0.0","INIT","13","0"
"548","EDGE","486","EDGE","70.26832676018113","true","104.6515425497129","106.1802617947277","0.0","4620.0","true","0.0","0.0","INIT","13","0"
"258","EDGE","402","EDGE","22.5588060420762","true","94.78267251113044","95.98026179472768","0.0","8085.0","true","0.0","0.0","INIT","20","0"
"402","EDGE","258","EDGE","22.5588060420762","true","94.78267251113044","95.98026179472768","0.0","8085.0","true","0.0","0.0","INIT","20","0"
"74","EDGE","190","EDGE","143.57679868728064","true","110.85803562017696","114.48026179472768","0.0","2310.0","true","0.0","0.0","INIT","8","0"
"190","EDGE","74","EDGE","143.57679868728064","true","110.85803562017696","114.48026179472768","0.0","2310.0","true","0.0","0.0","INIT","8","0"
"358","EDGE","599","EDGE","111.38322959173684","true","108.6527464310235","112.48026179472768","0.0","2695.0","true","0.0","0.0","INIT","10","0"
"599","EDGE","358","EDGE","111.38322959173684","true","108.6527464310235","112.48026179472768","0.0","2695.0","true","0.0","0.0","INIT","10","0"
"38","EDGE","113","EDGE","14.448285128719634","true","90.91267637838834","95.98026179472768","0.0","8085.0","true","0.0","0.0","INIT","20","0"
"113","EDGE","38","EDGE","14.448285128719634","true","90.91267637838834","95.98026179472768","0.0","8085.0","true","0.0","0.0","INIT","20","0"
"377","EDGE","427","EDGE","94.09372732539684","true","107.18756375693954","107.48026179472768","0.0","3850.0","true","0.0","0.0","INIT","12","0"
"427","EDGE","377","EDGE","94.09372732539684","true","107.18756375693954","107.48026179472768","0.0","3850.0","true","0.0","0.0","INIT","12","0"
"509","EDGE","579","EDGE","23.28999109068727","true","95.05973675420749","95.98026179472768","0.0","8085.0","true","0.0","0.0","INIT","20","0"
"579","EDGE","509","EDGE","23.28999109068727","true","95.05973675420749","95.98026179472768","0.0","8085.0","true","0.0","0.0","INIT","20","0"
"401","EDGE","438","EDGE","108.50388947098966","true","108.42525643311745","109.48026179472768","0.0","3080.0","true","0.0","0.0","INIT","11","0"
"438","EDGE","401","EDGE","108.50388947098966","true","108.42525643311745","109.48026179472768","0.0","3080.0","true","0.0","0.0","INIT","11","0"
"369","EDGE","544","EDGE","49.2842428993262","true","101.57051209307753","103.48026179472768","0.0","5390.0","true","0.0","0.0","INIT","15","0"
"544","EDGE","369","EDGE","49.2842428993262","true","101.57051209307753","103.48026179472768","0.0","5390.0","true","0.0","0.0","INIT","15","0"
"450","EDGE","507","EDGE","100.4142364231945","true","107.75225610853883","109.48026179472768","0.0","3080.0","true","0.0","0.0","INIT","11","0"
"507","EDGE","450","EDGE","100.4142364231945","true","107.75225610853883","109.48026179472768","0.0","3080.0","true","0.0","0.0","INIT","11","0"
"450","EDGE","512","EDGE","217.3968405880955","true","114.46141487074146","119.48026179472768","0.0","1155.0","true","0.0","0.0","INIT","3","0"
"512","EDGE","450","EDGE","217.3968405880955","true","114.46141487074146","119.48026179472768","0.0","1155.0","true","0.0","0.0","INIT","3","0"
"19","EDGE","95","EDGE","6.812768219953795","true","84.38282258371706","95.98026179472768","0.0","8085.0","true","0.0","0.0","INIT","20","0"
"95","EDGE","19","EDGE","6.812768219953795","true","84.38282258371706","95.98026179472768","0.0","8085.0","true","0.0","0.0","INIT","20","0"
"19","EDGE","111","EDGE","8.153099875078246","true","85.94280555505772","95.98026179472768","0.0","8085.0","true","0.0","0.0","INIT","20","0"
"111","EDGE","19","EDGE","8.153099875078246","true","85.94280555505772","95.98026179472768","0.0","8085.0","true","0.0","0.0","INIT","20","0"
"19","EDGE","91","EDGE","96.19389449417115","true","107.37930046386978","107.48026179472768","0.0","3850.0","true","0.0","0.0","INIT","12","0"
"91","EDGE","19","EDGE","96.19389449417115","true","107.37930046386978","107.48026179472768","0.0","3850.0","true","0.0","0.0","INIT","12","0"
"19","EDGE","72","EDGE","121.79757332021909","true","109.429123017269","112.48026179472768","0.0","2695.0","true","0.0","0.0","INIT","10","0"
"72","EDGE","19","EDGE","121.79757332021909","true","109.429123017269","112.48026179472768","0.0","2695.0","true","0.0","0.0","INIT","10","0"
"214","EDGE","572","EDGE","11.156073994847766","true","88.66657802913545","95.98026179472768","0.0","8085.0","true","0.0","0.0","INIT","20","0"
"572","EDGE","214","EDGE","11.156073994847766","true","88.66657802913545","95.98026179472768","0.0","8085.0","true","0.0","0.0","INIT","20","0"
"214","EDGE","216","EDGE","22.085537731015997","true","94.59850986169081","95.98026179472768","0.0","8085.0","true","0.0","0.0","INIT","20","0"
"216","EDGE","214","EDGE","22.085537731015997","true","94.59850986169081","95.98026179472768","0.0","8085.0","true","0.0","0.0","INIT","20","0"
"214","EDGE","245","EDGE","64.01304552014585","true","103.8417201046462","105.1802617947277","0.0","5005.0","true","0.0","0.0","INIT","14","0"
"245","EDGE","214","EDGE","64.01304552014585","true","103.8417201046462","105.1802617947277","0.0","5005.0","true","0.0","0.0","INIT","14","0"
"112","EDGE","311","EDGE","15.631072528920669","true","91.59612587094719","95.98026179472768","0.0","8085.0","true","0.0","0.0","INIT","20","0"
"311","EDGE","112","EDGE","15.631072528920669","true","91.59612587094719","95.98026179472768","0.0","8085.0","true","0.0","0.0","INIT","20","0"
"112","EDGE","485","EDGE","75.25423325936553","true","105.24696901064479","106.1802617947277","0.0","4620.0","true","0.0","0.0","INIT","13","0"
"485","EDGE","112","EDGE","75.25423325936553","true","105.24696901064479","106.1802617947277","0.0","4620.0","true","0.0","0.0","INIT","13","0"
"61","EDGE","178","EDGE","11.194673286080251","true","88.69657877254222","95.98026179472768","0.0","8085.0","true","0.0","0.0","INIT","20","0"
"178","EDGE","61","EDGE","11.194673286080251","true","88.69657877254222","95.98026179472768","0.0","8085.0","true","0.0","0.0","INIT","20","0"
"184","EDGE","403","EDGE","20.94978364356282","true","94.1399411501998","95.98026179472768","0.0","8085.0","true","0.0","0.0","INIT","20","0"
"403","EDGE","184","EDGE","20.94978364356282","true","94.1399411501998","95.98026179472768","0.0","8085.0","true","0.0","0.0","INIT","20","0"
"218","EDGE","345","EDGE","77.64264017028715","true","105.5183562016511","107.48026179472768","0.0","3850.0","true","0.0","0.0","INIT","12","0"
"345","EDGE","218","EDGE","77.64264017028715","true","105.5183562016511","107.48026179472768","0.0","3850.0","true","0.0","0.0","INIT","12","0"
"218","EDGE","298","EDGE","100.54290400593953","true","107.76337880439381","109.48026179472768","0.0","3080.0","true","0.0","0.0","INIT","11","0"
"298","EDGE","218","EDGE","100.54290400593953","true","107.76337880439381","109.48026179472768","0.0","3080.0","true","0.0","0.0","INIT","11","0"
"218","EDGE","565","EDGE","183.83663307095244","true","113.00499145430793","118.78026179472769","0.0","1252.0","true","0.0","0.0","INIT","4","0"
"565","EDGE","218","EDGE","183.83663307095244","true","113.00499145430793","118.78026179472769","0.0","1252.0","true","0.0","0.0","INIT","4","0"
"218","EDGE","277","EDGE","280.37400697334476","true","116.67110527445146","122.48026179472768","0.0","770.0","true","0.0","0.0","INIT","1","0"
"277","EDGE","218","EDGE","280.37400697334476","true","116.67110527445146","122.48026179472768","0.0","770.0","true","0.0","0.0","INIT","1","0"
"576","EDGE","596","EDGE","84.04506552255452","true","106.20659470829114","107.48026179472768","0.0","3850.0","true","0.0","0.0","INIT","12","0"
"596","EDGE","576","EDGE","84.04506552255452","true","106.20659470829114","107.48026179472768","0.0","3850.0","true","0.0","0.0","INIT","12","0"
"576","EDGE","586","EDGE","373.34887755063926","true","119.1586473059552","124.38026179472769","0.0","385.0","true","0.0","0.0","INIT","0","0"
"586","EDGE","576","EDGE","373.34887755063926","true","119.1586473059552","124.38026179472769","0.0","385.0","true","0.0","0.0","INIT","0","0"
"86","EDGE","184","EDGE","8.89818838263906","true","86.70238222446943","95.98026179472768","0.0","8085.0","true","0.0","0.0","INIT","20","0"
"184","EDGE","86","EDGE","8.89818838263906","true","86.70238222446943","95.98026179472768","0.0","8085.0","true","0.0","0.0","INIT","20","0"
"47","EDGE","574","EDGE","73.06390597013458","true","104.99040802066466","106.1802617947277","0.0","4620.0","true","0.0","0.0","INIT","13","0"
"574","EDGE","47","EDGE","73.06390597013458","true","104.99040802066466","106.1802617947277","0.0","4620.0","true","0.0","0.0","INIT","13","0"
"47","EDGE","487","EDGE","80.3509464521197","true","105.8161702397008","107.48026179472768","0.0","3850.0","true","0.0","0.0","INIT","12","0"
"487","EDGE","47","EDGE","80.3509464521197","true","105.8161702397008","107.48026179472768","0.0","3850.0","true","0.0","0.0","INIT","12","0"
"47","EDGE","455","EDGE","128.89316904218327","true","109.92094833893032","113.48026179472768","0.0","2503.0","true","0.0","0.0","INIT","9","0"
"455","EDGE","47","EDGE","128.89316904218327","true","109.92094833893032","113.48026179472768","0.0","2503.0","true","0.0","0.0","INIT","9","0"
"47","EDGE","78","EDGE","132.6208943661751","true","110.16858935364714","113.48026179472768","0.0","2503.0","true","0.0","0.0","INIT","9","0"
"78","EDGE","47","EDGE","132.6208943661751","true","110.16858935364714","113.48026179472768","0.0","2503.0","true","0.0","0.0","INIT","9","0"
"89","EDGE","142","EDGE","24.60746786970176","true","95.53768884047905","95.98026179472768","0.0","8085.0","true","0.0","0.0","INIT","20","0"
"142","EDGE","89","EDGE","24.60746786970176","true","95.53768884047905","95.98026179472768","0.0","8085.0","true","0.0","0.0","INIT","20","0"
"107","EDGE","493","EDGE","93.63002976100867","true","107.14465353477402","107.48026179472768","0.0","3850.0","true","0.0","0.0","INIT","12","0"
"493","EDGE","107","EDGE","93.63002976100867","true","107.14465353477402","107.48026179472768","0.0","3850.0","true","0.0","0.0","INIT","12","0"
"107","EDGE","336","EDGE","103.8623568516685","true","108.04551377441413","109.48026179472768","0.0","3080.0","true","0.0","0.0","INIT","11","0"
"336","EDGE","107","EDGE","103.8623568516685","true","108.04551377441413","109.48026179472768","0.0","3080.0","true","0.0","0.0","INIT","11","0"
"107","EDGE","551","EDGE","132.77279382410734","true","110.17853218296422","113.48026179472768","0.0","2503.0","true","0.0","0.0","INIT","9","0"
"551","EDGE","107","EDGE","132.77279382410734","true","110.17853218296422","113.48026179472768","0.0","2503.0","true","0.0","0.0","INIT","9","0"
"107","EDGE","202","EDGE","140.35552051841532","true","110.66094028914641","114.48026179472768","0.0","2310.0","true","0.0","0.0","INIT","8","0"
"202","EDGE","107","EDGE","140.35552051841532","true","110.66094028914641","114.48026179472768","0.0","2310.0","true","0.0","0.0","INIT","8","0"
"310","EDGE","538","EDGE","24.74133383263636","true","95.5848124905881","95.98026179472768","0.0","8085.0","true","0.0","0.0","INIT","20","0"
"538","EDGE","310","EDGE","24.74133383263636","true","95.5848124905881","95.98026179472768","0.0","8085.0","true","0.0","0.0","INIT","20","0"
"310","EDGE","589","EDGE","75.01815487596728","true","105.21967786958379","106.1802617947277","0.0","4620.0","true","0.0","0.0","INIT","13","0"
"589","EDGE","310","EDGE","75.01815487596728","true","105.21967786958379","106.1802617947277","0.0","4620.0","true","0.0","0.0","INIT","13","0"
"245","EDGE","572","EDGE","75.15735444543478","true","105.23577999502075","106.1802617947277","0.0","4620.0","true","0.0","0.0","INIT","13","0"
"572","EDGE","245","EDGE","75.15735444543478","true","105.23577999502075","106.1802617947277","0.0","4620.0","true","0.0","0.0","INIT","13","0"
"376","EDGE","534","EDGE","14.243253441931133","true","90.78853434852476","95.98026179472768","0.0","8085.0","true","0.0","0.0","INIT","20","0"
"534","EDGE","376","EDGE","14.243253441931133","true","90.78853434852476","95.98026179472768","0.0","8085.0","true","0.0","0.0","INIT","20","0"
"371","EDGE","382","EDGE","54.90033033904303","true","102.50784945894955","103.48026179472768","0.0","5390.0","true","0.0","0.0","INIT","15","0"
"382","EDGE","371","EDGE","54.90033033904303","true","102.50784945894955","103.48026179472768","0.0","5390.0","true","0.0","0.0","INIT","15","0"
"371","EDGE","481","EDGE","56.44436249570786","true","102.74876175249226","103.48026179472768","0.0","5390.0","true","0.0","0.0","INIT","15","0"
"481","EDGE","371","EDGE","56.44436249570786","true","102.74876175249226","103.48026179472768","0.0","5390.0","true","0.0","0.0","INIT","15","0"
"371","EDGE","413","EDGE","61.98051535152814","true","103.56145396542998","105.1802617947277","0.0","5005.0","true","0.0","0.0","INIT","14","0"
"413","EDGE","371","EDGE","61.98051535152814","true","103.56145396542998","105.1802617947277","0.0","5005.0","true","0.0","0.0","INIT","14","0"
"371","EDGE","477","EDGE","66.12719224834692","true","104.12395196640632","105.1802617947277","0.0","5005.0","true","0.0","0.0","INIT","14","0"
"477","EDGE","371","EDGE","66.12719224834692","true","104.12395196640632","105.1802617947277","0.0","5005.0","true","0.0","0.0","INIT","14","0"
"371","EDGE","480","EDGE","100.21750698809302","true","107.73522220672005","109.48026179472768","0.0","3080.0","true","0.0","0.0","INIT","11","0"
"480","EDGE","371","EDGE","100.21750698809302","true","107.73522220672005","109.48026179472768","0.0","3080.0","true","0.0","0.0","INIT","11","0"
"371","EDGE","443","EDGE","142.39950756473354","true","110.78652005537683","114.48026179472768","0.0","2310.0","true","0.0","0.0","INIT","8","0"
"443","EDGE","371","EDGE","142.39950756473354","true","110.78652005537683","114.48026179472768","0.0","2310.0","true","0.0","0.0","INIT","8","0"
"52","EDGE","595","EDGE","14.618557132020163","true","91.01444049389477","95.98026179472768","0.0","8085.0","true","0.0","0.0","INIT","20","0"
"595","EDGE","52","EDGE","14.618557132020163","true","91.01444049389477","95.98026179472768","0.0","8085.0","true","0.0","0.0","INIT","20","0"
"52","EDGE","88","EDGE","15.73639701894573","true","91.65445638647057","95.98026179472768","0.0","8085.0","true","0.0","0.0","INIT","20","0"
"88","EDGE","52","EDGE","15.73639701894573","true","91.65445638647057","95.98026179472768","0.0","8085.0","true","0.0","0.0","INIT","20","0"
"299","EDGE","533","EDGE","86.21550638012468","true","106.42805797296657","107.48026179472768","0.0","3850.0","true","0.0","0.0","INIT","12","0"
"533","EDGE","299","EDGE","86.21550638012468","true","106.42805797296657","107.48026179472768","0.0","3850.0","true","0.0","0.0","INIT","12","0"
"299","EDGE","545","EDGE","92.28074761907503","true","107.01857239282049","107.48026179472768","0.0","3850.0","true","0.0","0.0","INIT","12","0"
"545","EDGE","299","EDGE","92.28074761907503","true","107.01857239282049","107.48026179472768","0.0","3850.0","true","0.0","0.0","INIT","12","0"
"299","EDGE","360","EDGE","109.9216001158645","true","108.53801114090678","112.48026179472768","0.0","2695.0","true","0.0","0.0","INIT","10","0"
"360","EDGE","299","EDGE","109.9216001158645","true","108.53801114090678","112.48026179472768","0.0","2695.0","true","0.0","0.0","INIT","10","0"
"155","EDGE","415","EDGE","15.374521695439345","true","91.45238257952143","95.98026179472768","0.0","8085.0","true","0.0","0.0","INIT","20","0"
"415","EDGE","155","EDGE","15.374521695439345","true","91.45238257952143","95.98026179472768","0.0","8085.0","true","0.0","0.0","INIT","20","0"
"237","EDGE","378","EDGE","136.87716922446003","true","110.44297060463992","113.48026179472768","0.0","2503.0","true","0.0","0.0","INIT","9","0"
"378","EDGE","237","EDGE","136.87716922446003","true","110.44297060463992","113.48026179472768","0.0","2503.0","true","0.0","0.0","INIT","9","0"
"97","EDGE","355","EDGE","4.931766970409197","true","81.57640125973981","95.98026179472768","0.0","8085.0","true","0.0","0.0","INIT","20","0"
"355","EDGE","97","EDGE","4.931766970409197","true","81.57640125973981","95.98026179472768","0.0","8085.0","true","0.0","0.0","INIT","20","0"
"97","EDGE","162","EDGE","130.48427212934","true","110.02751365246894","113.48026179472768","0.0","2503.0","true","0.0","0.0","INIT","9","0"
"162","EDGE","97","EDGE","130.48427212934","true","110.02751365246894","113.48026179472768","0.0","2503.0","true","0.0","0.0","INIT","9","0"
"217","EDGE","299","EDGE","10.438072869400528","true","88.0887567940045","95.98026179472768","0.0","8085.0","true","0.0","0.0","INIT","20","0"
"299","EDGE","217","EDGE","10.438072869400528","true","88.0887567940045","95.98026179472768","0.0","8085.0","true","0.0","0.0","INIT","20","0"
"217","EDGE","533","EDGE","78.94426924929742","true","105.66276248675398","107.48026179472768","0.0","3850.0","true","0.0","0.0","INIT","12","0"
"533","EDGE","217","EDGE","78.94426924929742","true","105.66276248675398","107.48026179472768","0.0","3850.0","true","0.0","0.0","INIT","12","0"
"217","EDGE","335","EDGE","79.09711443394087","true","105.67956310933135","107.48026179472768","0.0","3850.0","true","0.0","0.0","INIT","12","0"
"335","EDGE","217","EDGE","79.09711443394087","true","105.67956310933135","107.48026179472768","0.0","3850.0","true","0.0","0.0","INIT","12","0"
"217","EDGE","404","EDGE","187.38295389966274","true","113.17095192367663","118.78026179472769","0.0","1252.0","true","0.0","0.0","INIT","4","0"
"404","EDGE","217","EDGE","187.38295389966274","true","113.17095192367663","118.78026179472769","0.0","1252.0","true","0.0","0.0","INIT","4","0"
"217","EDGE","447","EDGE","238.32552096125195","true","115.25976132678943","120.98026179472768","0.0","962.0","true","0.0","0.0","INIT","2","0"
"447","EDGE","217","EDGE","238.32552096125195","true","115.25976132678943","120.98026179472768","0.0","962.0","true","0.0","0.0","INIT","2","0"
"67","EDGE","463","EDGE","104.44262326740017","true","108.09390573395203","109.48026179472768","0.0","3080.0","true","0.0","0.0","INIT","11","0"
"463","EDGE","67","EDGE","104.44262326740017","true","108.09390573395203","109.48026179472768","0.0","3080.0","true","0.0","0.0","INIT","11","0"
"141","EDGE","288","EDGE","8.52724875505319","true","86.33252895245093","95.98026179472768","0.0","8085.0","true","0.0","0.0","INIT","20","0"
"288","EDGE","141","EDGE","8.52724875505319","true","86.33252895245093","95.98026179472768","0.0","8085.0","true","0.0","0.0","INIT","20","0"
"141","EDGE","268","EDGE","102.87611405116789","true","107.96264133109678","109.48026179472768","0.0","3080.0","true","0.0","0.0","INIT","11","0"
"268","EDGE","141","EDGE","102.87611405116789","true","107.96264133109678","109.48026179472768","0.0","3080.0","true","0.0","0.0","INIT","11","0"
"166","EDGE","466","EDGE","6.99686694899531","true","84.61442261689353","95.98026179472768","0.0","8085.0","true","0.0","0.0","INIT","20","0"
"466","EDGE","166","EDGE","6.99686694899531","true","84.61442261689353","95.98026179472768","0.0","8085.0","true","0.0","0.0","INIT","20","0"
"166","EDGE","587","EDGE","56.33347147430663","true","102.73168060364861","103.48026179472768","0.0","5390.0","true","0.0","0.0","INIT","15","0"
"587","EDGE","166","EDGE","56.33347147430663","true","102.73168060364861","103.48026179472768","0.0","5390.0","true","0.0","0.0","INIT","15","0"
"166","EDGE","316","EDGE","65.76848107761235","true","104.07670654516889","105.1802617947277","0.0","5005.0","true","0.0","0.0","INIT","14","0"
"316","EDGE","166","EDGE","65.76848107761235","true","104.07670654516889","105.1802617947277","0.0","5005.0","true","0.0","0.0","INIT","14","0"
"166","EDGE","434","EDGE","111.54354781227745","true","108.66523938164039","112.48026179472768","0.0","2695.0","true","0.0","0.0","INIT","10","0"
"434","EDGE","166","EDGE","111.54354781227745","true","108.66523938164039","112.48026179472768","0.0","2695.0","true","0.0","0.0","INIT","10","0"
"166","EDGE","304","EDGE","309.84664788684887","true","117.539286347081","122.48026179472768","0.0","770.0","true","0.0","0.0","INIT","1","0"
"304","EDGE","166","EDGE","309.84664788684887","true","117.539286347081","122.48026179472768","0.0","770.0","true","0.0","0.0","INIT","1","0"
"119","EDGE","226","EDGE","5.222456506451055","true","82.07384694190893","95.98026179472768","0.0","8085.0","true","0.0","0.0","INIT","20","0"
"226","EDGE","119","EDGE","5.222456506451055","true","82.07384694190893","95.98026179472768","0.0","8085.0","true","0.0","0.0","INIT","20","0"
"119","EDGE","313","EDGE","9.42997587274877","true","87.20656193751869","95.98026179472768","0.0","8085.0","true","0.0","0.0","INIT","20","0"
"313","EDGE","119","EDGE","9.42997587274877","true","87.20656193751869","95.98026179472768","0.0","8085.0","true","0.0","0.0","INIT","20","0"
"119","EDGE","198","EDGE","20.722439423996132","true","94.04516788173632","95.98026179472768","0.0","8085.0","true","0.0","0.0","INIT","20","0"
"198","EDGE","119","EDGE","20.722439423996132","true","94.04516788173632","95.98026179472768","0.0","8085.0","true","0.0","0.0","INIT","20","0"
"546","EDGE","550","EDGE","80.01087397539786","true","105.77933059268425","107.48026179472768","0.0","3850.0","true","0.0","0.0","INIT","12","0"
"550","EDGE","546","EDGE","80.01087397539786","true","105.77933059268425","107.48026179472768","0.0","3850.0","true","0.0","0.0","INIT","12","0"
"473","EDGE","563","EDGE","66.54931181449801","true","104.1792216822135","105.1802617947277","0.0","5005.0","true","0.0","0.0","INIT","14","0"
"563","EDGE","473","EDGE","66.54931181449801","true","104.1792216822135","105.1802617947277","0.0","5005.0","true","0.0","0.0","INIT","14","0"
"306","EDGE","445","EDGE","22.11654270631447","true","94.61069507266623","95.98026179472768","0.0","8085.0","true","0.0","0.0","INIT","20","0"
"445","EDGE","306","EDGE","22.11654270631447","true","94.61069507266623","95.98026179472768","0.0","8085.0","true","0.0","0.0","INIT","20","0"
"306","EDGE","597","EDGE","68.84090023012261","true","104.47328112513635","106.1802617947277","0.0","4620.0","true","0.0","0.0","INIT","13","0"
"597","EDGE","306","EDGE","68.84090023012261","true","104.47328112513635","106.1802617947277","0.0","4620.0","true","0.0","0.0","INIT","13","0"
"71","EDGE","101","EDGE","15.472122974142689","true","91.50734847766168","95.98026179472768","0.0","8085.0","true","0.0","0.0","INIT","20","0"
"101","EDGE","71","EDGE","15.472122974142689","true","91.50734847766168","95.98026179472768","0.0","8085.0","true","0.0","0.0","INIT","20","0"
"71","EDGE","470","EDGE","94.69251437029764","true","107.24266327672474","107.48026179472768","0.0","3850.0","true","0.0","0.0","INIT","12","0"
"470","EDGE","71","EDGE","94.69251437029764","true","107.24266327672474","107.48026179472768","0.0","3850.0","true","0.0","0.0","INIT","12","0"
"71","EDGE","270","EDGE","115.08992210896707","true","108.93709622899645","112.48026179472768","0.0","2695.0","true","0.0","0.0","INIT","10","0"
"270","EDGE","71","EDGE","115.08992210896707","true","108.93709622899645","112.48026179472768","0.0","2695.0","true","0.0","0.0","INIT","10","0"
"71","EDGE","519","EDGE","116.83838502055065","true","109.0680612137708","112.48026179472768","0.0","2695.0","true","0.0","0.0","INIT","10","0"
"519","EDGE","71","EDGE","116.83838502055065","true","109.0680612137708","112.48026179472768","0.0","2695.0","true","0.0","0.0","INIT","10","0"
"71","EDGE","192","EDGE","125.97367186490395","true","109.72194607227003","113.48026179472768","0.0","2503.0","true","0.0","0.0","INIT","9","0"
"192","EDGE","71","EDGE","125.97367186490395","true","109.72194607227003","113.48026179472768","0.0","2503.0","true","0.0","0.0","INIT","9","0"
"71","EDGE","488","EDGE","156.72575987552094","true","111.61915798953946","117.48026179472768","0.0","1348.0","true","0.0","0.0","INIT","5","0"
"488","EDGE","71","EDGE","156.72575987552094","true","111.61915798953946","117.48026179472768","0.0","1348.0","true","0.0","0.0","INIT","5","0"
"137","EDGE","194","EDGE","14.527914439361819","true","90.96041577524731","95.98026179472768","0.0","8085.0","true","0.0","0.0","INIT","20","0"
"194","EDGE","137","EDGE","14.527914439361819","true","90.96041577524731","95.98026179472768","0.0","8085.0","true","0.0","0.0","INIT","20","0"
"137","EDGE","368","EDGE","63.81939561803289","true","103.81540404669006","105.1802617947277","0.0","5005.0","true","0.0","0.0","INIT","14","0"
"368","EDGE","137","EDGE","63.81939561803289","true","103.81540404669006","105.1802617947277","0.0","5005.0","true","0.0","0.0","INIT","14","0"
"137","EDGE","256","EDGE","75.11502758573057","true","105.23088692768702","106.1802617947277","0.0","4620.0","true","0.0","0.0","INIT","13","0"
"256","EDGE","137","EDGE","75.11502758573057","true","105.23088692768702","106.1802617947277","0.0","4620.0","true","0.0","0.0","INIT","13","0"
"137","EDGE","195","EDGE","97.00424480565046","true","107.45216508540686","107.48026179472768","0.0","3850.0","true","0.0","0.0","INIT","12","0"
"195","EDGE","137","EDGE","97.00424480565046","true","107.45216508540686","107.48026179472768","0.0","3850.0","true","0.0","0.0","INIT","12","0"
"137","EDGE","506","EDGE","110.20022830306831","true","108.56000019118885","112.48026179472768","0.0","2695.0","true","0.0","0.0","INIT","10","0"
"506","EDGE","137","EDGE","110.20022830306831","true","108.56000019118885","112.48026179472768","0.0","2695.0","true","0.0","0.0","INIT","10","0"
"36","EDGE","249","EDGE","10.692259258214012","true","88.29773991964794","95.98026179472768","0.0","8085.0","true","0.0","0.0","INIT","20","0"
"249","EDGE","36","EDGE","10.692259258214012","true","88.29773991964794","95.98026179472768","0.0","8085.0","true","0.0","0.0","INIT","20","0"
"36","EDGE","546","EDGE","21.360832388504395","true","94.30871375150353","95.98026179472768","0.0","8085.0","true","0.0","0.0","INIT","20","0"
"546","EDGE","36","EDGE","21.360832388504395","true","94.30871375150353","95.98026179472768","0.0","8085.0","true","0.0","0.0","INIT","20","0"
"36","EDGE","550","EDGE","82.67442792341794","true","106.06377427496491","107.48026179472768","0.0","3850.0","true","0.0","0.0","INIT","12","0"
"550","EDGE","36","EDGE","82.67442792341794","true","106.06377427496491","107.48026179472768","0.0","3850.0","true","0.0","0.0","INIT","12","0"
"36","EDGE","353","EDGE","111.67200481965297","true","108.67523656597024","112.48026179472768","0.0","2695.0","true","0.0","0.0","INIT","10","0"
"353","EDGE","36","EDGE","111.67200481965297","true","108.67523656597024","112.48026179472768","0.0","2695.0","true","0.0","0.0","INIT","10","0"
"36","EDGE","494","EDGE","130.15708265506544","true","110.00570642115335","113.48026179472768","0.0","2503.0","true","0.0","0.0","INIT","9","0"
"494","EDGE","36","EDGE","130.15708265506544","true","110.00570642115335","113.48026179472768","0.0","2503.0","true","0.0","0.0","INIT","9","0"
"36","EDGE","518","EDGE","135.91541669426536","true","110.38172472495572","113.48026179472768","0.0","2503.0","true","0.0","0.0","INIT","9","0"
"518","EDGE","36","EDGE","135.91541669426536","true","110.38172472495572","113.48026179472768","0.0","2503.0","true","0.0","0.0","INIT","9","0"
"36","EDGE","503","EDGE","156.80307377282125","true","111.62344174223446","117.48026179472768","0.0","1348.0","true","0.0","0.0","INIT","5","0"
"503","EDGE","36","EDGE","156.80307377282125","true","111.62344174223446","117.48026179472768","0.0","1348.0","true","0.0","0.0","INIT","5","0"
"36","EDGE","414","EDGE","418.64955797911915","true","120.15336304630566","124.38026179472769","0.0","385.0","true","0.0","0.0","INIT","0","0"
"414","EDGE","36","EDGE","418.64955797911915","true","120.15336304630566","124.38026179472769","0.0","385.0","true","0.0","0.0","INIT","0","0"
"66","EDGE","91","EDGE","50.30273133447582","true","101.74818164599934","103.48026179472768","0.0","5390.0","true","0.0","0.0","INIT","15","0"
"91","EDGE","66","EDGE","50.30273133447582","true","101.74818164599934","103.48026179472768","0.0","5390.0","true","0.0","0.0","INIT","15","0"
"66","EDGE","72","EDGE","76.02794211735855","true","105.33581501421808","106.1802617947277","0.0","4620.0","true","0.0","0.0","INIT","13","0"
"72","EDGE","66","EDGE","76.02794211735855","true","105.33581501421808","106.1802617947277","0.0","4620.0","true","0.0","0.0","INIT","13","0"
"175","EDGE","239","EDGE","11.505442661052207","true","88.93441695413003","95.98026179472768","0.0","8085.0","true","0.0","0.0","INIT","20","0"
"239","EDGE","175","EDGE","11.505442661052207","true","88.93441695413003","95.98026179472768","0.0","8085.0","true","0.0","0.0","INIT","20","0"
"175","EDGE","534","EDGE","88.07741905601775","true","106.61364190545588","107.48026179472768","0.0","3850.0","true","0.0","0.0","INIT","12","0"
"534","EDGE","175","EDGE","88.07741905601775","true","106.61364190545588","107.48026179472768","0.0","3850.0","true","0.0","0.0","INIT","12","0"
"204","EDGE","389","EDGE","7.188152441847421","true","84.8486958818128","95.98026179472768","0.0","8085.0","true","0.0","0.0","INIT","20","0"
"389","EDGE","204","EDGE","7.188152441847421","true","84.8486958818128","95.98026179472768","0.0","8085.0","true","0.0","0.0","INIT","20","0"
"204","EDGE","329","EDGE","8.932231225374958","true","86.73554944551786","95.98026179472768","0.0","8085.0","true","0.0","0.0","INIT","20","0"
"329","EDGE","204","EDGE","8.932231225374958","true","86.73554944551786","95.98026179472768","0.0","8085.0","true","0.0","0.0","INIT","20","0"
"255","EDGE","446","EDGE","23.35115913260472","true","95.08251917546113","95.98026179472768","0.0","8085.0","true","0.0","0.0","INIT","20","0"
"446","EDGE","255","EDGE","23.35115913260472","true","95.08251917546113","95.98026179472768","0.0","8085.0","true","0.0","0.0","INIT","20","0"
"106","EDGE","298","EDGE","55.65962985772255","true","102.62715658428925","103.48026179472768","0.0","5390.0","true","0.0","0.0","INIT","15","0"
"298","EDGE","106","EDGE","55.65962985772255","true","102.62715658428925","103.48026179472768","0.0","5390.0","true","0.0","0.0","INIT","15","0"
"106","EDGE","211","EDGE","68.70998399959471","true","104.45674725434486","106.1802617947277","0.0","4620.0","true","0.0","0.0","INIT","13","0"
"211","EDGE","106","EDGE","68.70998399959471","true","104.45674725434486","106.1802617947277","0.0","4620.0","true","0.0","0.0","INIT","13","0"
"32","EDGE","216","EDGE","9.644865571207793","true","87.40227388392081","95.98026179472768","0.0","8085.0","true","0.0","0.0","INIT","20","0"
"216","EDGE","32","EDGE","9.644865571207793","true","87.40227388392081","95.98026179472768","0.0","8085.0","true","0.0","0.0","INIT","20","0"
"32","EDGE","572","EDGE","20.883663829871484","true","94.11248417892284","95.98026179472768","0.0","8085.0","true","0.0","0.0","INIT","20","0"
"572","EDGE","32","EDGE","20.883663829871484","true","94.11248417892284","95.98026179472768","0.0","8085.0","true","0.0","0.0","INIT","20","0"
"32","EDGE","486","EDGE","81.70135733621223","true","105.96093574008545","107.48026179472768","0.0","3850.0","true","0.0","0.0","INIT","12","0"
"486","EDGE","32","EDGE","81.70135733621223","true","105.96093574008545","107.48026179472768","0.0","3850.0","true","0.0","0.0","INIT","12","0"
"32","EDGE","535","EDGE","123.77387975873724","true","109.5689303931724","113.48026179472768","0.0","2503.0","true","0.0","0.0","INIT","9","0"
"535","EDGE","32","EDGE","123.77387975873724","true","109.5689303931724","113.48026179472768","0.0","2503.0","true","0.0","0.0","INIT","9","0"
"32","EDGE","548","EDGE","151.70388071210448","true","111.33628411709395","114.48026179472768","0.0","2310.0","true","0.0","0.0","INIT","8","0"
"548","EDGE","32","EDGE","151.70388071210448","true","111.33628411709395","114.48026179472768","0.0","2310.0","true","0.0","0.0","INIT","8","0"
"32","EDGE","337","EDGE","161.76802286802425","true","111.89420385759944","117.48026179472768","0.0","1348.0","true","0.0","0.0","INIT","5","0"
"337","EDGE","32","EDGE","161.76802286802425","true","111.89420385759944","117.48026179472768","0.0","1348.0","true","0.0","0.0","INIT","5","0"
"139","EDGE","376","EDGE","8.237929989980104","true","86.03271224191658","95.98026179472768","0.0","8085.0","true","0.0","0.0","INIT","20","0"
"376","EDGE","139","EDGE","8.237929989980104","true","86.03271224191658","95.98026179472768","0.0","8085.0","true","0.0","0.0","INIT","20","0"
"139","EDGE","534","EDGE","10.292850599212027","true","87.96706368689006","95.98026179472768","0.0","8085.0","true","0.0","0.0","INIT","20","0"
"534","EDGE","139","EDGE","10.292850599212027","true","87.96706368689006","95.98026179472768","0.0","8085.0","true","0.0","0.0","INIT","20","0"
"139","EDGE","239","EDGE","97.35433365189103","true","107.48345607749759","109.48026179472768","0.0","3080.0","true","0.0","0.0","INIT","11","0"
"239","EDGE","139","EDGE","97.35433365189103","true","107.48345607749759","109.48026179472768","0.0","3080.0","true","0.0","0.0","INIT","11","0"
"21","EDGE","234","EDGE","21.86236187386511","true","94.5102918787619","95.98026179472768","0.0","8085.0","true","0.0","0.0","INIT","20","0"
"234","EDGE","21","EDGE","21.86236187386511","true","94.5102918787619","95.98026179472768","0.0","8085.0","true","0.0","0.0","INIT","20","0"
"199","EDGE","453","EDGE","9.164023443142678","true","86.95807413656844","95.98026179472768","0.0","8085.0","true","0.0","0.0","INIT","20","0"
"453","EDGE","199","EDGE","9.164023443142678","true","86.95807413656844","95.98026179472768","0.0","8085.0","true","0.0","0.0","INIT","20","0"
"199","EDGE","564","EDGE","16.635174486748724","true","92.13689751728012","95.98026179472768","0.0","8085.0","true","0.0","0.0","INIT","20","0"
"564","EDGE","199","EDGE","16.635174486748724","true","92.13689751728012","95.98026179472768","0.0","8085.0","true","0.0","0.0","INIT","20","0"
"199","EDGE","227","EDGE","59.102307799711404","true","103.14843909306603","103.48026179472768","0.0","5390.0","true","0.0","0.0","INIT","15","0"
"227","EDGE","199","EDGE","59.102307799711404","true","103.14843909306603","103.48026179472768","0.0","5390.0","true","0.0","0.0","INIT","15","0"
"199","EDGE","529","EDGE","80.96250133974539","true","105.8820286511691","107.48026179472768","0.0","3850.0","true","0.0","0.0","INIT","12","0"
"529","EDGE","199","EDGE","80.96250133974539","true","105.8820286511691","107.48026179472768","0.0","3850.0","true","0.0","0.0","INIT","12","0"
"199","EDGE","472","EDGE","130.1551130442543","true","110.00557498034944","113.48026179472768","0.0","2503.0","true","0.0","0.0","INIT","9","0"
"472","EDGE","199","EDGE","130.1551130442543","true","110.00557498034944","113.48026179472768","0.0","2503.0","true","0.0","0.0","INIT","9","0"
"199","EDGE","515","EDGE","208.64281573400447","true","114.10441900823653","119.48026179472768","0.0","1155.0","true","0.0","0.0","INIT","3","0"
"515","EDGE","199","EDGE","208.64281573400447","true","114.10441900823653","119.48026179472768","0.0","1155.0","true","0.0","0.0","INIT","3","0"
"20","EDGE","524","EDGE","19.017601253795505","true","93.29946505040544","95.98026179472768","0.0","8085.0","true","0.0","0.0","INIT","20","0"
"524","EDGE","20","EDGE","19.017601253795505","true","93.29946505040544","95.98026179472768","0.0","8085.0","true","0.0","0.0","INIT","20","0"
"271","EDGE","276","EDGE","5.590446875243455","true","82.66528080272957","95.98026179472768","0.0","8085.0","true","0.0","0.0","INIT","20","0"
"276","EDGE","271","EDGE","5.590446875243455","true","82.66528080272957","95.98026179472768","0.0","8085.0","true","0.0","0.0","INIT","20","0"
"45","EDGE","328","EDGE","59.63772685549679","true","103.22677193779057","105.1802617947277","0.0","5005.0","true","0.0","0.0","INIT","14","0"
"328","EDGE","45","EDGE","59.63772685549679","true","103.22677193779057","105.1802617947277","0.0","5005.0","true","0.0","0.0","INIT","14","0"
"45","EDGE","538","EDGE","79.40658096301613","true","105.71348024327585","107.48026179472768","0.0","3850.0","true","0.0","0.0","INIT","12","0"
"538","EDGE","45","EDGE","79.40658096301613","true","105.71348024327585","107.48026179472768","0.0","3850.0","true","0.0","0.0","INIT","12","0"
"470","EDGE","488","EDGE","90.87234955248296","true","106.8849854484057","107.48026179472768","0.0","3850.0","true","0.0","0.0","INIT","12","0"
"488","EDGE","470","EDGE","90.87234955248296","true","106.8849854484057","107.48026179472768","0.0","3850.0","true","0.0","0.0","INIT","12","0"
"470","EDGE","519","EDGE","93.19040829605058","true","107.10377459652582","107.48026179472768","0.0","3850.0","true","0.0","0.0","INIT","12","0"
"519","EDGE","470","EDGE","93.19040829605058","true","107.10377459652582","107.48026179472768","0.0","3850.0","true","0.0","0.0","INIT","12","0"
"163","EDGE","289","EDGE","5.7542355101930465","true","82.91610296192187","95.98026179472768","0.0","8085.0","true","0.0","0.0","INIT","20","0"
"289","EDGE","163","EDGE","5.7542355101930465","true","82.91610296192187","95.98026179472768","0.0","8085.0","true","0.0","0.0","INIT","20","0"
"163","EDGE","547","EDGE","10.73106598344565","true","88.32920761174964","95.98026179472768","0.0","8085.0","true","0.0","0.0","INIT","20","0"
"547","EDGE","163","EDGE","10.73106598344565","true","88.32920761174964","95.98026179472768","0.0","8085.0","true","0.0","0.0","INIT","20","0"
"25","EDGE","37","EDGE","19.96529428257302","true","93.72186462521088","95.98026179472768","0.0","8085.0","true","0.0","0.0","INIT","20","0"
"37","EDGE","25","EDGE","19.96529428257302","true","93.72186462521088","95.98026179472768","0.0","8085.0","true","0.0","0.0","INIT","20","0"
"25","EDGE","258","EDGE","60.400543664749684","true","103.3371672605873","105.1802617947277","0.0","5005.0","true","0.0","0.0","INIT","14","0"
"258","EDGE","25","EDGE","60.400543664749684","true","103.3371672605873","105.1802617947277","0.0","5005.0","true","0.0","0.0","INIT","14","0"
"25","EDGE","559","EDGE","86.2526138421923","true","106.43179560662114","107.48026179472768","0.0","3850.0","true","0.0","0.0","INIT","12","0"
"559","EDGE","25","EDGE","86.2526138421923","true","106.43179560662114","107.48026179472768","0.0","3850.0","true","0.0","0.0","INIT","12","0"
"228","EDGE","540","EDGE","58.20763035174896","true","103.01594869419553","103.48026179472768","0.0","5390.0","true","0.0","0.0","INIT","15","0"
"540","EDGE","228","EDGE","58.20763035174896","true","103.01594869419553","103.48026179472768","0.0","5390.0","true","0.0","0.0","INIT","15","0"
"342","EDGE","404","EDGE","20.526457311947325","true","93.96263031393497","95.98026179472768","0.0","8085.0","true","0.0","0.0","INIT","20","0"
"404","EDGE","342","EDGE","20.526457311947325","true","93.96263031393497","95.98026179472768","0.0","8085.0","true","0.0","0.0","INIT","20","0"
"342","EDGE","533","EDGE","126.97816302431782","true","109.79093110429896","113.48026179472768","0.0","2503.0","true","0.0","0.0","INIT","9","0"
"533","EDGE","342","EDGE","126.97816302431782","true","109.79093110429896","113.48026179472768","0.0","2503.0","true","0.0","0.0","INIT","9","0"
"84","EDGE","366","EDGE","10.091215181535857","true","87.79521964651379","95.98026179472768","0.0","8085.0","true","0.0","0.0","INIT","20","0"
"366","EDGE","84","EDGE","10.091215181535857","true","87.79521964651379","95.98026179472768","0.0","8085.0","true","0.0","0.0","INIT","20","0"
"453","EDGE","564","EDGE","17.495429282801897","true","92.57484236960147","95.98026179472768","0.0","8085.0","true","0.0","0.0","INIT","20","0"
"564","EDGE","453","EDGE","17.495429282801897","true","92.57484236960147","95.98026179472768","0.0","8085.0","true","0.0","0.0","INIT","20","0"
"453","EDGE","529","EDGE","77.21481122202029","true","105.47036258623558","106.1802617947277","0.0","4620.0","true","0.0","0.0","INIT","13","0"
"529","EDGE","453","EDGE","77.21481122202029","true","105.47036258623558","106.1802617947277","0.0","4620.0","true","0.0","0.0","INIT","13","0"
"453","EDGE","472","EDGE","133.64003897165767","true","110.23508217847046","113.48026179472768","0.0","2503.0","true","0.0","0.0","INIT","9","0"
"472","EDGE","453","EDGE","133.64003897165767","true","110.23508217847046","113.48026179472768","0.0","2503.0","true","0.0","0.0","INIT","9","0"
"92","EDGE","400","EDGE","14.544065531962191","true","90.97006676031486","95.98026179472768","0.0","8085.0","true","0.0","0.0","INIT","20","0"
"400","EDGE","92","EDGE","14.544065531962191","true","90.97006676031486","95.98026179472768","0.0","8085.0","true","0.0","0.0","INIT","20","0"
"352","EDGE","367","EDGE","24.97261059943418","true","95.66562921062652","95.98026179472768","0.0","8085.0","true","0.0","0.0","INIT","20","0"
"367","EDGE","352","EDGE","24.97261059943418","true","95.66562921062652","95.98026179472768","0.0","8085.0","true","0.0","0.0","INIT","20","0"
"352","EDGE","510","EDGE","130.66826625803722","true","110.03975288223265","113.48026179472768","0.0","2503.0","true","0.0","0.0","INIT","9","0"
"510","EDGE","352","EDGE","130.66826625803722","true","110.03975288223265","113.48026179472768","0.0","2503.0","true","0.0","0.0","INIT","9","0"
"352","EDGE","378","EDGE","214.08999231707298","true","114.32827763778968","119.48026179472768","0.0","1155.0","true","0.0","0.0","INIT","3","0"
"378","EDGE","352","EDGE","214.08999231707298","true","114.32827763778968","119.48026179472768","0.0","1155.0","true","0.0","0.0","INIT","3","0"
"151","EDGE","304","EDGE","21.891701427143264","true","94.52194063276434","95.98026179472768","0.0","8085.0","true","0.0","0.0","INIT","20","0"
"304","EDGE","151","EDGE","21.891701427143264","true","94.52194063276434","95.98026179472768","0.0","8085.0","true","0.0","0.0","INIT","20","0"
"151","EDGE","312","EDGE","22.729254431130865","true","94.8480541093416","95.98026179472768","0.0","8085.0","true","0.0","0.0","INIT","20","0"
"312","EDGE","151","EDGE","22.729254431130865","true","94.8480541093416","95.98026179472768","0.0","8085.0","true","0.0","0.0","INIT","20","0"
"151","EDGE","187","EDGE","165.19483377239175","true","112.0762795315968","117.48026179472768","0.0","1348.0","true","0.0","0.0","INIT","5","0"
"187","EDGE","151","EDGE","165.19483377239175","true","112.0762795315968","117.48026179472768","0.0","1348.0","true","0.0","0.0","INIT","5","0"
"151","EDGE","468","EDGE","200.39217598161486","true","113.75396552891056","119.48026179472768","0.0","1155.0","true","0.0","0.0","INIT","3","0"
"468","EDGE","151","EDGE","200.39217598161486","true","113.75396552891056","119.48026179472768","0.0","1155.0","true","0.0","0.0","INIT","3","0"
"70","EDGE","146","EDGE","9.422185421856494","true","87.19938323800775","95.98026179472768","0.0","8085.0","true","0.0","0.0","INIT","20","0"
"146","EDGE","70","EDGE","9.422185421856494","true","87.19938323800775","95.98026179472768","0.0","8085.0","true","0.0","0.0","INIT","20","0"
"70","EDGE","380","EDGE","15.57594713733745","true","91.56543959775067","95.98026179472768","0.0","8085.0","true","0.0","0.0","INIT","20","0"
"380","EDGE","70","EDGE","15.57594713733745","true","91.56543959775067","95.98026179472768","0.0","8085.0","true","0.0","0.0","INIT","20","0"
"197","EDGE","322","EDGE","87.22916153994798","true","106.52958426601555","107.48026179472768","0.0","3850.0","true","0.0","0.0","INIT","12","0"
"322","EDGE","197","EDGE","87.22916153994798","true","106.52958426601555","107.48026179472768","0.0","3850.0","true","0.0","0.0","INIT","12","0"
"269","EDGE","361","EDGE","121.75203152488031","true","109.42587463578965","112.48026179472768","0.0","2695.0","true","0.0","0.0","INIT","10","0"
"361","EDGE","269","EDGE","121.75203152488031","true","109.42587463578965","112.48026179472768","0.0","2695.0","true","0.0","0.0","INIT","10","0"
"329","EDGE","389","EDGE","16.12036747592316","true","91.86384905923568","95.98026179472768","0.0","8085.0","true","0.0","0.0","INIT","20","0"
"389","EDGE","329","EDGE","16.12036747592316","true","91.86384905923568","95.98026179472768","0.0","8085.0","true","0.0","0.0","INIT","20","0"
"457","EDGE","468","EDGE","80.76936284722571","true","105.86128344506167","107.48026179472768","0.0","3850.0","true","0.0","0.0","INIT","12","0"
"468","EDGE","457","EDGE","80.76936284722571","true","105.86128344506167","107.48026179472768","0.0","3850.0","true","0.0","0.0","INIT","12","0"
"187","EDGE","457","EDGE","61.99223721126869","true","103.56309650023312","105.1802617947277","0.0","5005.0","true","0.0","0.0","INIT","14","0"
"457","EDGE","187","EDGE","61.99223721126869","true","103.56309650023312","105.1802617947277","0.0","5005.0","true","0.0","0.0","INIT","14","0"
"187","EDGE","254","EDGE","69.86515823200683","true","104.60156324600042","106.1802617947277","0.0","4620.0","true","0.0","0.0","INIT","13","0"
"254","EDGE","187","EDGE","69.86515823200683","true","104.60156324600042","106.1802617947277","0.0","4620.0","true","0.0","0.0","INIT","13","0"
"187","EDGE","433","EDGE","86.91541271205162","true","106.49828624075676","107.48026179472768","0.0","3850.0","true","0.0","0.0","INIT","12","0"
"433","EDGE","187","EDGE","86.91541271205162","true","106.49828624075676","107.48026179472768","0.0","3850.0","true","0.0","0.0","INIT","12","0"
"59","EDGE","281","EDGE","20.020176395784812","true","93.745708299912","95.98026179472768","0.0","8085.0","true","0.0","0.0","INIT","20","0"
"281","EDGE","59","EDGE","20.020176395784812","true","93.745708299912","95.98026179472768","0.0","8085.0","true","0.0","0.0","INIT","20","0"
"59","EDGE","295","EDGE","72.92081956397008","true","104.97338112793877","106.1802617947277","0.0","4620.0","true","0.0","0.0","INIT","13","0"
"295","EDGE","59","EDGE","72.92081956397008","true","104.97338112793877","106.1802617947277","0.0","4620.0","true","0.0","0.0","INIT","13","0"
"59","EDGE","559","EDGE","87.4273133024257","true","106.54929295509183","107.48026179472768","0.0","3850.0","true","0.0","0.0","INIT","12","0"
"559","EDGE","59","EDGE","87.4273133024257","true","106.54929295509183","107.48026179472768","0.0","3850.0","true","0.0","0.0","INIT","12","0"
"282","EDGE","324","EDGE","14.076892796066023","true","90.68648637044043","95.98026179472768","0.0","8085.0","true","0.0","0.0","INIT","20","0"
"324","EDGE","282","EDGE","14.076892796066023","true","90.68648637044043","95.98026179472768","0.0","8085.0","true","0.0","0.0","INIT","20","0"
"282","EDGE","380","EDGE","21.24748581673831","true","94.26250126638078","95.98026179472768","0.0","8085.0","true","0.0","0.0","INIT","20","0"
"380","EDGE","282","EDGE","21.24748581673831","true","94.26250126638078","95.98026179472768","0.0","8085.0","true","0.0","0.0","INIT","20","0"
"33","EDGE","600","EDGE","3.9177899713029114","true","79.57717331022981","95.98026179472768","0.0","8085.0","true","0.0","0.0","INIT","20","0"
"600","EDGE","33","EDGE","3.9177899713029114","true","79.57717331022981","95.98026179472768","0.0","8085.0","true","0.0","0.0","INIT","20","0"
"405","EDGE","564","EDGE","25.02919608099563","true","95.68528831858302","95.98026179472768","0.0","8085.0","true","0.0","0.0","INIT","20","0"
"564","EDGE","405","EDGE","25.02919608099563","true","95.68528831858302","95.98026179472768","0.0","8085.0","true","0.0","0.0","INIT","20","0"
"405","EDGE","472","EDGE","92.38209094526594","true","107.02810606014701","107.48026179472768","0.0","3850.0","true","0.0","0.0","INIT","12","0"
"472","EDGE","405","EDGE","92.38209094526594","true","107.02810606014701","107.48026179472768","0.0","3850.0","true","0.0","0.0","INIT","12","0"
"405","EDGE","529","EDGE","118.5730677929737","true","109.19607143294448","112.48026179472768","0.0","2695.0","true","0.0","0.0","INIT","10","0"
"529","EDGE","405","EDGE","118.5730677929737","true","109.19607143294448","112.48026179472768","0.0","2695.0","true","0.0","0.0","INIT","10","0"
"405","EDGE","515","EDGE","171.057815794942","true","112.37920875227836","117.48026179472768","0.0","1348.0","true","0.0","0.0","INIT","5","0"
"515","EDGE","405","EDGE","171.057815794942","true","112.37920875227836","117.48026179472768","0.0","1348.0","true","0.0","0.0","INIT","5","0"
"34","EDGE","63","EDGE","12.216619160923411","true","89.45537101532253","95.98026179472768","0.0","8085.0","true","0.0","0.0","INIT","20","0"
"63","EDGE","34","EDGE","12.216619160923411","true","89.45537101532253","95.98026179472768","0.0","8085.0","true","0.0","0.0","INIT","20","0"
"34","EDGE","476","EDGE","58.18464322859846","true","103.01251782011367","103.48026179472768","0.0","5390.0","true","0.0","0.0","INIT","15","0"
"476","EDGE","34","EDGE","58.18464322859846","true","103.01251782011367","103.48026179472768","0.0","5390.0","true","0.0","0.0","INIT","15","0"
"34","EDGE","593","EDGE","59.412012767458464","true","103.19383562035166","105.1802617947277","0.0","5005.0","true","0.0","0.0","INIT","14","0"
"593","EDGE","34","EDGE","59.412012767458464","true","103.19383562035166","105.1802617947277","0.0","5005.0","true","0.0","0.0","INIT","14","0"
"34","EDGE","374","EDGE","69.8012279832976","true","104.59361156716557","106.1802617947277","0.0","4620.0","true","0.0","0.0","INIT","13","0"
"374","EDGE","34","EDGE","69.8012279832976","true","104.59361156716557","106.1802617947277","0.0","4620.0","true","0.0","0.0","INIT","13","0"
"472","EDGE","478","EDGE","59.307967542701796","true","103.17861113044498","103.48026179472768","0.0","5390.0","true","0.0","0.0","INIT","15","0"
"478","EDGE","472","EDGE","59.307967542701796","true","103.17861113044498","103.48026179472768","0.0","5390.0","true","0.0","0.0","INIT","15","0"
"472","EDGE","515","EDGE","79.78631025610945","true","105.7549179351539","107.48026179472768","0.0","3850.0","true","0.0","0.0","INIT","12","0"
"515","EDGE","472","EDGE","79.78631025610945","true","105.7549179351539","107.48026179472768","0.0","3850.0","true","0.0","0.0","INIT","12","0"
"472","EDGE","564","EDGE","116.18174874904194","true","109.01910848860378","112.48026179472768","0.0","2695.0","true","0.0","0.0","INIT","10","0"
"564","EDGE","472","EDGE","116.18174874904194","true","109.01910848860378","112.48026179472768","0.0","2695.0","true","0.0","0.0","INIT","10","0"
"472","EDGE","529","EDGE","210.78283326609903","true","114.19305506306243","119.48026179472768","0.0","1155.0","true","0.0","0.0","INIT","3","0"
"529","EDGE","472","EDGE","210.78283326609903","true","114.19305506306243","119.48026179472768","0.0","1155.0","true","0.0","0.0","INIT","3","0"
"24","EDGE","53","EDGE","7.2369478696292315","true","84.90745919131885","95.98026179472768","0.0","8085.0","true","0.0","0.0","INIT","20","0"
"53","EDGE","24","EDGE","7.2369478696292315","true","84.90745919131885","95.98026179472768","0.0","8085.0","true","0.0","0.0","INIT","20","0"
"24","EDGE","170","EDGE","14.544761291822397","true","90.97048226647453","95.98026179472768","0.0","8085.0","true","0.0","0.0","INIT","20","0"
"170","EDGE","24","EDGE","14.544761291822397","true","90.97048226647453","95.98026179472768","0.0","8085.0","true","0.0","0.0","INIT","20","0"
"24","EDGE","101","EDGE","50.905112710157006","true","101.85157837348356","103.48026179472768","0.0","5390.0","true","0.0","0.0","INIT","15","0"
"101","EDGE","24","EDGE","50.905112710157006","true","101.85157837348356","103.48026179472768","0.0","5390.0","true","0.0","0.0","INIT","15","0"
"24","EDGE","519","EDGE","104.36054980263924","true","108.08707747475118","109.48026179472768","0.0","3080.0","true","0.0","0.0","INIT","11","0"
"519","EDGE","24","EDGE","104.36054980263924","true","108.08707747475118","109.48026179472768","0.0","3080.0","true","0.0","0.0","INIT","11","0"
"24","EDGE","192","EDGE","113.9822404860997","true","108.85309409437953","112.48026179472768","0.0","2695.0","true","0.0","0.0","INIT","10","0"
"192","EDGE","24","EDGE","113.9822404860997","true","108.85309409437953","112.48026179472768","0.0","2695.0","true","0.0","0.0","INIT","10","0"
"24","EDGE","470","EDGE","115.76170133996924","true","108.98764832514412","112.48026179472768","0.0","2695.0","true","0.0","0.0","INIT","10","0"
"470","EDGE","24","EDGE","115.76170133996924","true","108.98764832514412","112.48026179472768","0.0","2695.0","true","0.0","0.0","INIT","10","0"
"24","EDGE","270","EDGE","131.93535208172327","true","110.12357391339336","113.48026179472768","0.0","2503.0","true","0.0","0.0","INIT","9","0"
"270","EDGE","24","EDGE","131.93535208172327","true","110.12357391339336","113.48026179472768","0.0","2503.0","true","0.0","0.0","INIT","9","0"
"24","EDGE","488","EDGE","155.73638741870658","true","111.56415223114618","117.48026179472768","0.0","1348.0","true","0.0","0.0","INIT","5","0"
"488","EDGE","24","EDGE","155.73638741870658","true","111.56415223114618","117.48026179472768","0.0","1348.0","true","0.0","0.0","INIT","5","0"
"469","EDGE","555","EDGE","18.16200384488165","true","92.89962557179877","95.98026179472768","0.0","8085.0","true","0.0","0.0","INIT","20","0"
"555","EDGE","469","EDGE","18.16200384488165","true","92.89962557179877","95.98026179472768","0.0","8085.0","true","0.0","0.0","INIT","20","0"
"213","EDGE","218","EDGE","3.3468937955559643","true","78.20918893497446","95.98026179472768","0.0","8085.0","true","0.0","0.0","INIT","20","0"
"218","EDGE","213","EDGE","3.3468937955559643","true","78.20918893497446","95.98026179472768","0.0","8085.0","true","0.0","0.0","INIT","20","0"
"213","EDGE","345","EDGE","80.98949889008375","true","105.88492454309481","107.48026179472768","0.0","3850.0","true","0.0","0.0","INIT","12","0"
"345","EDGE","213","EDGE","80.98949889008375","true","105.88492454309481","107.48026179472768","0.0","3850.0","true","0.0","0.0","INIT","12","0"
"213","EDGE","298","EDGE","97.19618011252574","true","107.4693342490345","107.48026179472768","0.0","3850.0","true","0.0","0.0","INIT","12","0"
"298","EDGE","213","EDGE","97.19618011252574","true","107.4693342490345","107.48026179472768","0.0","3850.0","true","0.0","0.0","INIT","12","0"
"213","EDGE","565","EDGE","186.8466197806958","true","113.14605521596768","118.78026179472769","0.0","1252.0","true","0.0","0.0","INIT","4","0"
"565","EDGE","213","EDGE","186.8466197806958","true","113.14605521596768","118.78026179472769","0.0","1252.0","true","0.0","0.0","INIT","4","0"
"213","EDGE","277","EDGE","283.7197310772065","true","116.77414109684084","122.48026179472768","0.0","770.0","true","0.0","0.0","INIT","1","0"
"277","EDGE","213","EDGE","283.7197310772065","true","116.77414109684084","122.48026179472768","0.0","770.0","true","0.0","0.0","INIT","1","0"
"261","EDGE","502","EDGE","63.6242043769072","true","103.7887975963939","105.1802617947277","0.0","5005.0","true","0.0","0.0","INIT","14","0"
"502","EDGE","261","EDGE","63.6242043769072","true","103.7887975963939","105.1802617947277","0.0","5005.0","true","0.0","0.0","INIT","14","0"
"80","EDGE","448","EDGE","15.84022003541491","true","91.71157450720575","95.98026179472768","0.0","8085.0","true","0.0","0.0","INIT","20","0"
"448","EDGE","80","EDGE","15.84022003541491","true","91.71157450720575","95.98026179472768","0.0","8085.0","true","0.0","0.0","INIT","20","0"
"80","EDGE","426","EDGE","67.37131041088125","true","104.28585020046287","106.1802617947277","0.0","4620.0","true","0.0","0.0","INIT","13","0"
"426","EDGE","80","EDGE","67.37131041088125","true","104.28585020046287","106.1802617947277","0.0","4620.0","true","0.0","0.0","INIT","13","0"
"80","EDGE","437","EDGE","163.39925133341373","true","111.9813515530012","117.48026179472768","0.0","1348.0","true","0.0","0.0","INIT","5","0"
"437","EDGE","80","EDGE","163.39925133341373","true","111.9813515530012","117.48026179472768","0.0","1348.0","true","0.0","0.0","INIT","5","0"
"80","EDGE","450","EDGE","215.26079836302577","true","114.37564923942972","119.48026179472768","0.0","1155.0","true","0.0","0.0","INIT","3","0"
"450","EDGE","80","EDGE","215.26079836302577","true","114.37564923942972","119.48026179472768","0.0","1155.0","true","0.0","0.0","INIT","3","0"
"406","EDGE","445","EDGE","20.66171004143178","true","94.01967555676688","95.98026179472768","0.0","8085.0","true","0.0","0.0","INIT","20","0"
"445","EDGE","406","EDGE","20.66171004143178","true","94.01967555676688","95.98026179472768","0.0","8085.0","true","0.0","0.0","INIT","20","0"
"334","EDGE","408","EDGE","21.518973554532007","true","94.37278134289367","95.98026179472768","0.0","8085.0","true","0.0","0.0","INIT","20","0"
"408","EDGE","334","EDGE","21.518973554532007","true","94.37278134289367","95.98026179472768","0.0","8085.0","true","0.0","0.0","INIT","20","0"
"523","EDGE","576","EDGE","19.565700413235987","true","93.54625829410512","95.98026179472768","0.0","8085.0","true","0.0","0.0","INIT","20","0"
"576","EDGE","523","EDGE","19.565700413235987","true","93.54625829410512","95.98026179472768","0.0","8085.0","true","0.0","0.0","INIT","20","0"
"523","EDGE","596","EDGE","66.10085858759815","true","104.12049231813036","105.1802617947277","0.0","5005.0","true","0.0","0.0","INIT","14","0"
"596","EDGE","523","EDGE","66.10085858759815","true","104.12049231813036","105.1802617947277","0.0","5005.0","true","0.0","0.0","INIT","14","0"
"148","EDGE","222","EDGE","73.82576712509898","true","105.08050967467153","106.1802617947277","0.0","4620.0","true","0.0","0.0","INIT","13","0"
"222","EDGE","148","EDGE","73.82576712509898","true","105.08050967467153","106.1802617947277","0.0","4620.0","true","0.0","0.0","INIT","13","0"
"305","EDGE","347","EDGE","17.42891291539642","true","92.54175630477474","95.98026179472768","0.0","8085.0","true","0.0","0.0","INIT","20","0"
"347","EDGE","305","EDGE","17.42891291539642","true","92.54175630477474","95.98026179472768","0.0","8085.0","true","0.0","0.0","INIT","20","0"
"208","EDGE","257","EDGE","8.399654844763738","true","86.20157911768776","95.98026179472768","0.0","8085.0","true","0.0","0.0","INIT","20","0"
"257","EDGE","208","EDGE","8.399654844763738","true","86.20157911768776","95.98026179472768","0.0","8085.0","true","0.0","0.0","INIT","20","0"
"208","EDGE","485","EDGE","15.33013829203327","true","91.42727175840139","95.98026179472768","0.0","8085.0","true","0.0","0.0","INIT","20","0"
"485","EDGE","208","EDGE","15.33013829203327","true","91.42727175840139","95.98026179472768","0.0","8085.0","true","0.0","0.0","INIT","20","0"
"208","EDGE","317","EDGE","52.16655885171544","true","102.06419409795794","103.48026179472768","0.0","5390.0","true","0.0","0.0","INIT","15","0"
"317","EDGE","208","EDGE","52.16655885171544","true","102.06419409795794","103.48026179472768","0.0","5390.0","true","0.0","0.0","INIT","15","0"
"208","EDGE","327","EDGE","112.79586994246601","true","108.76221426828769","112.48026179472768","0.0","2695.0","true","0.0","0.0","INIT","10","0"
"327","EDGE","208","EDGE","112.79586994246601","true","108.76221426828769","112.48026179472768","0.0","2695.0","true","0.0","0.0","INIT","10","0"
"208","EDGE","337","EDGE","197.16465975286343","true","113.61293177897662","119.48026179472768","0.0","1155.0","true","0.0","0.0","INIT","3","0"
"337","EDGE","208","EDGE","197.16465975286343","true","113.61293177897662","119.48026179472768","0.0","1155.0","true","0.0","0.0","INIT","3","0"
"280","EDGE","496","EDGE","5.69555576138281","true","82.827072468269","95.98026179472768","0.0","8085.0","true","0.0","0.0","INIT","20","0"
"496","EDGE","280","EDGE","5.69555576138281","true","82.827072468269","95.98026179472768","0.0","8085.0","true","0.0","0.0","INIT","20","0"
"280","EDGE","567","EDGE","24.028280765415563","true","95.33080426509434","95.98026179472768","0.0","8085.0","true","0.0","0.0","INIT","20","0"
"567","EDGE","280","EDGE","24.028280765415563","true","95.33080426509434","95.98026179472768","0.0","8085.0","true","0.0","0.0","INIT","20","0"
"391","EDGE","418","EDGE","10.363852345543686","true","88.02677464493956","95.98026179472768","0.0","8085.0","true","0.0","0.0","INIT","20","0"
"418","EDGE","391","EDGE","10.363852345543686","true","88.02677464493956","95.98026179472768","0.0","8085.0","true","0.0","0.0","INIT","20","0"
"177","EDGE","492","EDGE","11.164053564099337","true","88.67278853672761","95.98026179472768","0.0","8085.0","true","0.0","0.0","INIT","20","0"
"492","EDGE","177","EDGE","11.164053564099337","true","88.67278853672761","95.98026179472768","0.0","8085.0","true","0.0","0.0","INIT","20","0"
"63","EDGE","118","EDGE","18.000094657652284","true","92.82184608514001","95.98026179472768","0.0","8085.0","true","0.0","0.0","INIT","20","0"
"118","EDGE","63","EDGE","18.000094657652284","true","92.82184608514001","95.98026179472768","0.0","8085.0","true","0.0","0.0","INIT","20","0"
"63","EDGE","476","EDGE","67.03348985201465","true","104.24218690473059","106.1802617947277","0.0","4620.0","true","0.0","0.0","INIT","13","0"
"476","EDGE","63","EDGE","67.03348985201465","true","104.24218690473059","106.1802617947277","0.0","4620.0","true","0.0","0.0","INIT","13","0"
"63","EDGE","593","EDGE","70.3500959368143","true","104.6616441866174","106.1802617947277","0.0","4620.0","true","0.0","0.0","INIT","13","0"
"593","EDGE","63","EDGE","70.3500959368143","true","104.6616441866174","106.1802617947277","0.0","4620.0","true","0.0","0.0","INIT","13","0"
"63","EDGE","374","EDGE","81.8155688356246","true","105.97306939088041","107.48026179472768","0.0","3850.0","true","0.0","0.0","INIT","12","0"
"374","EDGE","63","EDGE","81.8155688356246","true","105.97306939088041","107.48026179472768","0.0","3850.0","true","0.0","0.0","INIT","12","0"
"360","EDGE","545","EDGE","17.648346096102305","true","92.65043054601009","95.98026179472768","0.0","8085.0","true","0.0","0.0","INIT","20","0"
"545","EDGE","360","EDGE","17.648346096102305","true","92.65043054601009","95.98026179472768","0.0","8085.0","true","0.0","0.0","INIT","20","0"
"307","EDGE","436","EDGE","5.30817969774189","true","82.21526263833843","95.98026179472768","0.0","8085.0","true","0.0","0.0","INIT","20","0"
"436","EDGE","307","EDGE","5.30817969774189","true","82.21526263833843","95.98026179472768","0.0","8085.0","true","0.0","0.0","INIT","20","0"
"90","EDGE","428","EDGE","54.87233305626166","true","102.50341882374119","103.48026179472768","0.0","5390.0","true","0.0","0.0","INIT","15","0"
"428","EDGE","90","EDGE","54.87233305626166","true","102.50341882374119","103.48026179472768","0.0","5390.0","true","0.0","0.0","INIT","15","0"
"90","EDGE","553","EDGE","73.67746743869856","true","105.0630440896318","106.1802617947277","0.0","4620.0","true","0.0","0.0","INIT","13","0"
"553","EDGE","90","EDGE","73.67746743869856","true","105.0630440896318","106.1802617947277","0.0","4620.0","true","0.0","0.0","INIT","13","0"
"90","EDGE","592","EDGE","93.7082078893705","true","107.15190295318422","107.48026179472768","0.0","3850.0","true","0.0","0.0","INIT","12","0"
"592","EDGE","90","EDGE","93.7082078893705","true","107.15190295318422","107.48026179472768","0.0","3850.0","true","0.0","0.0","INIT","12","0"
"161","EDGE","498","EDGE","15.594850499346851","true","91.57597462083505","95.98026179472768","0.0","8085.0","true","0.0","0.0","INIT","20","0"
"498","EDGE","161","EDGE","15.594850499346851","true","91.57597462083505","95.98026179472768","0.0","8085.0","true","0.0","0.0","INIT","20","0"
"161","EDGE","308","EDGE","75.83316945730571","true","105.3135344614177","106.1802617947277","0.0","4620.0","true","0.0","0.0","INIT","13","0"
"308","EDGE","161","EDGE","75.83316945730571","true","105.3135344614177","106.1802617947277","0.0","4620.0","true","0.0","0.0","INIT","13","0"
"448","EDGE","450","EDGE","199.47697520118578","true","113.71420578834267","119.48026179472768","0.0","1155.0","true","0.0","0.0","INIT","3","0"
"450","EDGE","448","EDGE","199.47697520118578","true","113.71420578834267","119.48026179472768","0.0","1155.0","true","0.0","0.0","INIT","3","0"
"216","EDGE","572","EDGE","13.820084116498808","true","90.52656403414011","95.98026179472768","0.0","8085.0","true","0.0","0.0","INIT","20","0"
"572","EDGE","216","EDGE","13.820084116498808","true","90.52656403414011","95.98026179472768","0.0","8085.0","true","0.0","0.0","INIT","20","0"
"216","EDGE","486","EDGE","90.90322311250048","true","106.88793594757007","107.48026179472768","0.0","3850.0","true","0.0","0.0","INIT","12","0"
"486","EDGE","216","EDGE","90.90322311250048","true","106.88793594757007","107.48026179472768","0.0","3850.0","true","0.0","0.0","INIT","12","0"
"216","EDGE","535","EDGE","133.0522960101642","true","110.19679777285161","113.48026179472768","0.0","2503.0","true","0.0","0.0","INIT","9","0"
"535","EDGE","216","EDGE","133.0522960101642","true","110.19679777285161","113.48026179472768","0.0","2503.0","true","0.0","0.0","INIT","9","0"
"216","EDGE","548","EDGE","161.0280184055025","true","111.8543792777945","117.48026179472768","0.0","1348.0","true","0.0","0.0","INIT","5","0"
"548","EDGE","216","EDGE","161.0280184055025","true","111.8543792777945","117.48026179472768","0.0","1348.0","true","0.0","0.0","INIT","5","0"
"216","EDGE","337","EDGE","171.11545196712729","true","112.38213488054531","117.48026179472768","0.0","1348.0","true","0.0","0.0","INIT","5","0"
"337","EDGE","216","EDGE","171.11545196712729","true","112.38213488054531","117.48026179472768","0.0","1348.0","true","0.0","0.0","INIT","5","0"
"78","EDGE","455","EDGE","3.7282252815953423","true","79.14639324892349","95.98026179472768","0.0","8085.0","true","0.0","0.0","INIT","20","0"
"455","EDGE","78","EDGE","3.7282252815953423","true","79.14639324892349","95.98026179472768","0.0","8085.0","true","0.0","0.0","INIT","20","0"
"78","EDGE","574","EDGE","62.03465538673288","true","103.5690377859878","105.1802617947277","0.0","5005.0","true","0.0","0.0","INIT","14","0"
"574","EDGE","78","EDGE","62.03465538673288","true","103.5690377859878","105.1802617947277","0.0","5005.0","true","0.0","0.0","INIT","14","0"
"78","EDGE","460","EDGE","92.24964657668947","true","107.01564452583658","107.48026179472768","0.0","3850.0","true","0.0","0.0","INIT","12","0"
"460","EDGE","78","EDGE","92.24964657668947","true","107.01564452583658","107.48026179472768","0.0","3850.0","true","0.0","0.0","INIT","12","0"
"78","EDGE","379","EDGE","98.19608472368056","true","107.55823374487035","109.48026179472768","0.0","3080.0","true","0.0","0.0","INIT","11","0"
"379","EDGE","78","EDGE","98.19608472368056","true","107.55823374487035","109.48026179472768","0.0","3080.0","true","0.0","0.0","INIT","11","0"
"78","EDGE","557","EDGE","98.44231944667501","true","107.57998706163384","109.48026179472768","0.0","3080.0","true","0.0","0.0","INIT","11","0"
"557","EDGE","78","EDGE","98.44231944667501","true","107.57998706163384","109.48026179472768","0.0","3080.0","true","0.0","0.0","INIT","11","0"
"78","EDGE","509","EDGE","103.80620608381047","true","108.04081668037448","109.48026179472768","0.0","3080.0","true","0.0","0.0","INIT","11","0"
"509","EDGE","78","EDGE","103.80620608381047","true","108.04081668037448","109.48026179472768","0.0","3080.0","true","0.0","0.0","INIT","11","0"
"78","EDGE","536","EDGE","108.38012519030956","true","108.41534327283695","109.48026179472768","0.0","3080.0","true","0.0","0.0","INIT","11","0"
"536","EDGE","78","EDGE","108.38012519030956","true","108.41534327283695","109.48026179472768","0.0","3080.0","true","0.0","0.0","INIT","11","0"
"78","EDGE","291","EDGE","115.05105039128051","true","108.934162066953","112.48026179472768","0.0","2695.0","true","0.0","0.0","INIT","10","0"
"291","EDGE","78","EDGE","115.05105039128051","true","108.934162066953","112.48026179472768","0.0","2695.0","true","0.0","0.0","INIT","10","0"
"78","EDGE","79","EDGE","130.4387570227129","true","110.02448333967268","113.48026179472768","0.0","2503.0","true","0.0","0.0","INIT","9","0"
"79","EDGE","78","EDGE","130.4387570227129","true","110.02448333967268","113.48026179472768","0.0","2503.0","true","0.0","0.0","INIT","9","0"
"253","EDGE","285","EDGE","10.001771929964328","true","87.71788924866914","95.98026179472768","0.0","8085.0","true","0.0","0.0","INIT","20","0"
"285","EDGE","253","EDGE","10.001771929964328","true","87.71788924866914","95.98026179472768","0.0","8085.0","true","0.0","0.0","INIT","20","0"
"253","EDGE","319","EDGE","50.28592222311412","true","101.74527869258667","103.48026179472768","0.0","5390.0","true","0.0","0.0","INIT","15","0"
"319","EDGE","253","EDGE","50.28592222311412","true","101.74527869258667","103.48026179472768","0.0","5390.0","true","0.0","0.0","INIT","15","0"
"253","EDGE","595","EDGE","69.71748897464651","true","104.5831850395893","106.1802617947277","0.0","4620.0","true","0.0","0.0","INIT","13","0"
"595","EDGE","253","EDGE","69.71748897464651","true","104.5831850395893","106.1802617947277","0.0","4620.0","true","0.0","0.0","INIT","13","0"
"558","EDGE","586","EDGE","410.3156284486186","true","119.97871148734666","124.38026179472769","0.0","385.0","true","0.0","0.0","INIT","0","0"
"586","EDGE","558","EDGE","410.3156284486186","true","119.97871148734666","124.38026179472769","0.0","385.0","true","0.0","0.0","INIT","0","0"
"257","EDGE","485","EDGE","7.681122049539851","true","85.42484362435397","95.98026179472768","0.0","8085.0","true","0.0","0.0","INIT","20","0"
"485","EDGE","257","EDGE","7.681122049539851","true","85.42484362435397","95.98026179472768","0.0","8085.0","true","0.0","0.0","INIT","20","0"
"257","EDGE","327","EDGE","104.4540763205305","true","108.09485816599911","109.48026179472768","0.0","3080.0","true","0.0","0.0","INIT","11","0"
"327","EDGE","257","EDGE","104.4540763205305","true","108.09485816599911","109.48026179472768","0.0","3080.0","true","0.0","0.0","INIT","11","0"
"382","EDGE","481","EDGE","10.55863271255757","true","88.1885039659173","95.98026179472768","0.0","8085.0","true","0.0","0.0","INIT","20","0"
"481","EDGE","382","EDGE","10.55863271255757","true","88.1885039659173","95.98026179472768","0.0","8085.0","true","0.0","0.0","INIT","20","0"
"382","EDGE","477","EDGE","11.294788329419553","true","88.77391223447528","95.98026179472768","0.0","8085.0","true","0.0","0.0","INIT","20","0"
"477","EDGE","382","EDGE","11.294788329419553","true","88.77391223447528","95.98026179472768","0.0","8085.0","true","0.0","0.0","INIT","20","0"
"382","EDGE","443","EDGE","88.47322677226313","true","106.65258764688761","107.48026179472768","0.0","3850.0","true","0.0","0.0","INIT","12","0"
"443","EDGE","382","EDGE","88.47322677226313","true","106.65258764688761","107.48026179472768","0.0","3850.0","true","0.0","0.0","INIT","12","0"
"129","EDGE","592","EDGE","56.325124428235064","true","102.73039350219783","103.48026179472768","0.0","5390.0","true","0.0","0.0","INIT","15","0"
"592","EDGE","129","EDGE","56.325124428235064","true","102.73039350219783","103.48026179472768","0.0","5390.0","true","0.0","0.0","INIT","15","0"
"129","EDGE","428","EDGE","92.00673038274334","true","106.99274225771272","107.48026179472768","0.0","3850.0","true","0.0","0.0","INIT","12","0"
"428","EDGE","129","EDGE","92.00673038274334","true","106.99274225771272","107.48026179472768","0.0","3850.0","true","0.0","0.0","INIT","12","0"
"298","EDGE","392","EDGE","70.01829762647787","true","104.6205812549973","106.1802617947277","0.0","4620.0","true","0.0","0.0","INIT","13","0"
"392","EDGE","298","EDGE","70.01829762647787","true","104.6205812549973","106.1802617947277","0.0","4620.0","true","0.0","0.0","INIT","13","0"
"298","EDGE","435","EDGE","102.07661258271435","true","107.89487529685832","109.48026179472768","0.0","3080.0","true","0.0","0.0","INIT","11","0"
"435","EDGE","298","EDGE","102.07661258271435","true","107.89487529685832","109.48026179472768","0.0","3080.0","true","0.0","0.0","INIT","11","0"
"298","EDGE","580","EDGE","123.9960250066728","true","109.58450556664663","113.48026179472768","0.0","2503.0","true","0.0","0.0","INIT","9","0"
"580","EDGE","298","EDGE","123.9960250066728","true","109.58450556664663","113.48026179472768","0.0","2503.0","true","0.0","0.0","INIT","9","0"
"298","EDGE","345","EDGE","178.1849447343396","true","112.73377043994441","117.48026179472768","0.0","1348.0","true","0.0","0.0","INIT","5","0"
"345","EDGE","298","EDGE","178.1849447343396","true","112.73377043994441","117.48026179472768","0.0","1348.0","true","0.0","0.0","INIT","5","0"
"219","EDGE","298","EDGE","62.58724481181091","true","103.64606697926334","105.1802617947277","0.0","5005.0","true","0.0","0.0","INIT","14","0"
"298","EDGE","219","EDGE","62.58724481181091","true","103.64606697926334","105.1802617947277","0.0","5005.0","true","0.0","0.0","INIT","14","0"
"120","EDGE","556","EDGE","25.8234181354599","true","95.9566248549825","95.98026179472768","0.0","8085.0","true","0.0","0.0","INIT","20","0"
"556","EDGE","120","EDGE","25.8234181354599","true","95.9566248549825","95.98026179472768","0.0","8085.0","true","0.0","0.0","INIT","20","0"
"460","EDGE","509","EDGE","11.676724354329972","true","89.06277087001503","95.98026179472768","0.0","8085.0","true","0.0","0.0","INIT","20","0"
"509","EDGE","460","EDGE","11.676724354329972","true","89.06277087001503","95.98026179472768","0.0","8085.0","true","0.0","0.0","INIT","20","0"
"460","EDGE","579","EDGE","16.75725509635731","true","92.20040792605121","95.98026179472768","0.0","8085.0","true","0.0","0.0","INIT","20","0"
"579","EDGE","460","EDGE","16.75725509635731","true","92.20040792605121","95.98026179472768","0.0","8085.0","true","0.0","0.0","INIT","20","0"
"460","EDGE","493","EDGE","150.85873239537815","true","111.28775939010268","114.48026179472768","0.0","2310.0","true","0.0","0.0","INIT","8","0"
"493","EDGE","460","EDGE","150.85873239537815","true","111.28775939010268","114.48026179472768","0.0","2310.0","true","0.0","0.0","INIT","8","0"
"409","EDGE","507","EDGE","24.556482221370885","true","95.51967336887972","95.98026179472768","0.0","8085.0","true","0.0","0.0","INIT","20","0"
"507","EDGE","409","EDGE","24.556482221370885","true","95.51967336887972","95.98026179472768","0.0","8085.0","true","0.0","0.0","INIT","20","0"
"409","EDGE","512","EDGE","103.2709911179187","true","107.99591720770462","109.48026179472768","0.0","3080.0","true","0.0","0.0","INIT","11","0"
"512","EDGE","409","EDGE","103.2709911179187","true","107.99591720770462","109.48026179472768","0.0","3080.0","true","0.0","0.0","INIT","11","0"
"409","EDGE","412","EDGE","351.64211534433304","true","118.63836798498966","124.38026179472769","0.0","385.0","true","0.0","0.0","INIT","0","0"
"412","EDGE","409","EDGE","351.64211534433304","true","118.63836798498966","124.38026179472769","0.0","385.0","true","0.0","0.0","INIT","0","0"
"12","EDGE","470","EDGE","51.92909813956845","true","102.02456591026203","103.48026179472768","0.0","5390.0","true","0.0","0.0","INIT","15","0"
"470","EDGE","12","EDGE","51.92909813956845","true","102.02456591026203","103.48026179472768","0.0","5390.0","true","0.0","0.0","INIT","15","0"
"12","EDGE","170","EDGE","63.5634032352459","true","103.7804931388059","105.1802617947277","0.0","5005.0","true","0.0","0.0","INIT","14","0"
"170","EDGE","12","EDGE","63.5634032352459","true","103.7804931388059","105.1802617947277","0.0","5005.0","true","0.0","0.0","INIT","14","0"
"12","EDGE","53","EDGE","72.68094544206588","true","104.9447616667008","106.1802617947277","0.0","4620.0","true","0.0","0.0","INIT","13","0"
"53","EDGE","12","EDGE","72.68094544206588","true","104.9447616667008","106.1802617947277","0.0","4620.0","true","0.0","0.0","INIT","13","0"
"12","EDGE","270","EDGE","74.10516844929624","true","105.11332028244672","106.1802617947277","0.0","4620.0","true","0.0","0.0","INIT","13","0"
"270","EDGE","12","EDGE","74.10516844929624","true","105.11332028244672","106.1802617947277","0.0","4620.0","true","0.0","0.0","INIT","13","0"
"12","EDGE","24","EDGE","74.9077018356002","true","105.20687976906359","106.1802617947277","0.0","4620.0","true","0.0","0.0","INIT","13","0"
"24","EDGE","12","EDGE","74.9077018356002","true","105.20687976906359","106.1802617947277","0.0","4620.0","true","0.0","0.0","INIT","13","0"
"12","EDGE","519","EDGE","105.11245177513823","true","108.14943363093363","109.48026179472768","0.0","3080.0","true","0.0","0.0","INIT","11","0"
"519","EDGE","12","EDGE","105.11245177513823","true","108.14943363093363","109.48026179472768","0.0","3080.0","true","0.0","0.0","INIT","11","0"
"12","EDGE","192","EDGE","112.49280116587195","true","108.73884493044","112.48026179472768","0.0","2695.0","true","0.0","0.0","INIT","10","0"
"192","EDGE","12","EDGE","112.49280116587195","true","108.73884493044","112.48026179472768","0.0","2695.0","true","0.0","0.0","INIT","10","0"
"12","EDGE","488","EDGE","128.65126946347473","true","109.90463182536695","113.48026179472768","0.0","2503.0","true","0.0","0.0","INIT","9","0"
"488","EDGE","12","EDGE","128.65126946347473","true","109.90463182536695","113.48026179472768","0.0","2503.0","true","0.0","0.0","INIT","9","0"
"134","EDGE","439","EDGE","19.376050923488013","true","93.4616556501721","95.98026179472768","0.0","8085.0","true","0.0","0.0","INIT","20","0"
"439","EDGE","134","EDGE","19.376050923488013","true","93.4616556501721","95.98026179472768","0.0","8085.0","true","0.0","0.0","INIT","20","0"
"134","EDGE","384","EDGE","21.48737733155288","true","94.36001851370682","95.98026179472768","0.0","8085.0","true","0.0","0.0","INIT","20","0"
"384","EDGE","134","EDGE","21.48737733155288","true","94.36001851370682","95.98026179472768","0.0","8085.0","true","0.0","0.0","INIT","20","0"
"381","EDGE","555","EDGE","10.135811278484548","true","87.83352062019424","95.98026179472768","0.0","8085.0","true","0.0","0.0","INIT","20","0"
"555","EDGE","381","EDGE","10.135811278484548","true","87.83352062019424","95.98026179472768","0.0","8085.0","true","0.0","0.0","INIT","20","0"
"381","EDGE","469","EDGE","25.45863248251323","true","95.83305174011669","95.98026179472768","0.0","8085.0","true","0.0","0.0","INIT","20","0"
"469","EDGE","381","EDGE","25.45863248251323","true","95.83305174011669","95.98026179472768","0.0","8085.0","true","0.0","0.0","INIT","20","0"
"290","EDGE","366","EDGE","18.05396105895997","true","92.84780033388051","95.98026179472768","0.0","8085.0","true","0.0","0.0","INIT","20","0"
"366","EDGE","290","EDGE","18.05396105895997","true","92.84780033388051","95.98026179472768","0.0","8085.0","true","0.0","0.0","INIT","20","0"
"447","EDGE","520","EDGE","49.63634401157328","true","101.63234602297703","103.48026179472768","0.0","5390.0","true","0.0","0.0","INIT","15","0"
"520","EDGE","447","EDGE","49.63634401157328","true","101.63234602297703","103.48026179472768","0.0","5390.0","true","0.0","0.0","INIT","15","0"
"447","EDGE","533","EDGE","159.86680068569947","true","111.79151598187204","117.48026179472768","0.0","1348.0","true","0.0","0.0","INIT","5","0"
"533","EDGE","447","EDGE","159.86680068569947","true","111.79151598187204","117.48026179472768","0.0","1348.0","true","0.0","0.0","INIT","5","0"
"58","EDGE","277","EDGE","24.113150736210564","true","95.36142952656286","95.98026179472768","0.0","8085.0","true","0.0","0.0","INIT","20","0"
"277","EDGE","58","EDGE","24.113150736210564","true","95.36142952656286","95.98026179472768","0.0","8085.0","true","0.0","0.0","INIT","20","0"
"58","EDGE","237","EDGE","144.03230276704286","true","110.88554838979722","114.48026179472768","0.0","2310.0","true","0.0","0.0","INIT","8","0"
"237","EDGE","58","EDGE","144.03230276704286","true","110.88554838979722","114.48026179472768","0.0","2310.0","true","0.0","0.0","INIT","8","0"
"11","EDGE","376","EDGE","16.215904677218987","true","91.91517396133862","95.98026179472768","0.0","8085.0","true","0.0","0.0","INIT","20","0"
"376","EDGE","11","EDGE","16.215904677218987","true","91.91517396133862","95.98026179472768","0.0","8085.0","true","0.0","0.0","INIT","20","0"
"11","EDGE","534","EDGE","22.755430768502816","true","94.85805153162318","95.98026179472768","0.0","8085.0","true","0.0","0.0","INIT","20","0"
"534","EDGE","11","EDGE","22.755430768502816","true","94.85805153162318","95.98026179472768","0.0","8085.0","true","0.0","0.0","INIT","20","0"
"11","EDGE","139","EDGE","23.25806769462872","true","95.04782291093474","95.98026179472768","0.0","8085.0","true","0.0","0.0","INIT","20","0"
"139","EDGE","11","EDGE","23.25806769462872","true","95.04782291093474","95.98026179472768","0.0","8085.0","true","0.0","0.0","INIT","20","0"
"11","EDGE","239","EDGE","118.66860857793232","true","109.2030673096525","112.48026179472768","0.0","2695.0","true","0.0","0.0","INIT","10","0"
"239","EDGE","11","EDGE","118.66860857793232","true","109.2030673096525","112.48026179472768","0.0","2695.0","true","0.0","0.0","INIT","10","0"
"435","EDGE","580","EDGE","22.70894104728214","true","94.84028796369333","95.98026179472768","0.0","8085.0","true","0.0","0.0","INIT","20","0"
"580","EDGE","435","EDGE","22.70894104728214","true","94.84028796369333","95.98026179472768","0.0","8085.0","true","0.0","0.0","INIT","20","0"
"466","EDGE","587","EDGE","60.94755842363957","true","103.41547655307001","105.1802617947277","0.0","5005.0","true","0.0","0.0","INIT","14","0"
"587","EDGE","466","EDGE","60.94755842363957","true","103.41547655307001","105.1802617947277","0.0","5005.0","true","0.0","0.0","INIT","14","0"
"316","EDGE","466","EDGE","72.7457348066046","true","104.95250100732761","106.1802617947277","0.0","4620.0","true","0.0","0.0","INIT","13","0"
"466","EDGE","316","EDGE","72.7457348066046","true","104.95250100732761","106.1802617947277","0.0","4620.0","true","0.0","0.0","INIT","13","0"
"316","EDGE","457","EDGE","113.09526152929126","true","108.78523849050913","112.48026179472768","0.0","2695.0","true","0.0","0.0","INIT","10","0"
"457","EDGE","316","EDGE","113.09526152929126","true","108.78523849050913","112.48026179472768","0.0","2695.0","true","0.0","0.0","INIT","10","0"
"81","EDGE","283","EDGE","69.583170280387","true","104.56643454145842","106.1802617947277","0.0","4620.0","true","0.0","0.0","INIT","13","0"
"283","EDGE","81","EDGE","69.583170280387","true","104.56643454145842","106.1802617947277","0.0","4620.0","true","0.0","0.0","INIT","13","0"
"553","EDGE","592","EDGE","20.03076500106217","true","93.75030102386782","95.98026179472768","0.0","8085.0","true","0.0","0.0","INIT","20","0"
"592","EDGE","553","EDGE","20.03076500106217","true","93.75030102386782","95.98026179472768","0.0","8085.0","true","0.0","0.0","INIT","20","0"
"345","EDGE","367","EDGE","88.93778421929937","true","106.69807641238775","107.48026179472768","0.0","3850.0","true","0.0","0.0","INIT","12","0"
"367","EDGE","345","EDGE","88.93778421929937","true","106.69807641238775","107.48026179472768","0.0","3850.0","true","0.0","0.0","INIT","12","0"
"345","EDGE","352","EDGE","98.69373213819067","true","107.60214175184377","109.48026179472768","0.0","3080.0","true","0.0","0.0","INIT","11","0"
"352","EDGE","345","EDGE","98.69373213819067","true","107.60214175184377","109.48026179472768","0.0","3080.0","true","0.0","0.0","INIT","11","0"
"345","EDGE","565","EDGE","119.41355477346164","true","109.25742284360616","112.48026179472768","0.0","2695.0","true","0.0","0.0","INIT","10","0"
"565","EDGE","345","EDGE","119.41355477346164","true","109.25742284360616","112.48026179472768","0.0","2695.0","true","0.0","0.0","INIT","10","0"
"103","EDGE","539","EDGE","9.330957104821165","true","87.11487416510195","95.98026179472768","0.0","8085.0","true","0.0","0.0","INIT","20","0"
"539","EDGE","103","EDGE","9.330957104821165","true","87.11487416510195","95.98026179472768","0.0","8085.0","true","0.0","0.0","INIT","20","0"
"103","EDGE","372","EDGE","20.757916600586068","true","94.0600255611393","95.98026179472768","0.0","8085.0","true","0.0","0.0","INIT","20","0"
"372","EDGE","103","EDGE","20.757916600586068","true","94.0600255611393","95.98026179472768","0.0","8085.0","true","0.0","0.0","INIT","20","0"
"348","EDGE","583","EDGE","66.11960886973982","true","104.12295582299598","105.1802617947277","0.0","5005.0","true","0.0","0.0","INIT","14","0"
"583","EDGE","348","EDGE","66.11960886973982","true","104.12295582299598","105.1802617947277","0.0","5005.0","true","0.0","0.0","INIT","14","0"
"552","EDGE","591","EDGE","125.95850697001151","true","109.72090038922806","113.48026179472768","0.0","2503.0","true","0.0","0.0","INIT","9","0"
"591","EDGE","552","EDGE","125.95850697001151","true","109.72090038922806","113.48026179472768","0.0","2503.0","true","0.0","0.0","INIT","9","0"
"364","EDGE","528","EDGE","58.579749881010244","true","103.07130056689317","103.48026179472768","0.0","5390.0","true","0.0","0.0","INIT","15","0"
"528","EDGE","364","EDGE","58.579749881010244","true","103.07130056689317","103.48026179472768","0.0","5390.0","true","0.0","0.0","INIT","15","0"
"196","EDGE","454","EDGE","2.135742060179385","true","74.30732631635227","95.98026179472768","0.0","8085.0","true","0.0","0.0","INIT","20","0"
"454","EDGE","196","EDGE","2.135742060179385","true","74.30732631635227","95.98026179472768","0.0","8085.0","true","0.0","0.0","INIT","20","0"
"196","EDGE","558","EDGE","326.7788705017742","true","118.00142965256433","122.48026179472768","0.0","770.0","true","0.0","0.0","INIT","1","0"
"558","EDGE","196","EDGE","326.7788705017742","true","118.00142965256433","122.48026179472768","0.0","770.0","true","0.0","0.0","INIT","1","0"
"196","EDGE","330","EDGE","333.0084206455035","true","118.16545461558235","122.48026179472768","0.0","770.0","true","0.0","0.0","INIT","1","0"
"330","EDGE","196","EDGE","333.0084206455035","true","118.16545461558235","122.48026179472768","0.0","770.0","true","0.0","0.0","INIT","1","0"
"174","EDGE","543","EDGE","4.983162700142981","true","81.66645164833824","95.98026179472768","0.0","8085.0","true","0.0","0.0","INIT","20","0"
"543","EDGE","174","EDGE","4.983162700142981","true","81.66645164833824","95.98026179472768","0.0","8085.0","true","0.0","0.0","INIT","20","0"
"174","EDGE","326","EDGE","59.53847305440221","true","103.21230415374578","105.1802617947277","0.0","5005.0","true","0.0","0.0","INIT","14","0"
"326","EDGE","174","EDGE","59.53847305440221","true","103.21230415374578","105.1802617947277","0.0","5005.0","true","0.0","0.0","INIT","14","0"
"393","EDGE","556","EDGE","7.696256380107639","true","85.44194083869431","95.98026179472768","0.0","8085.0","true","0.0","0.0","INIT","20","0"
"556","EDGE","393","EDGE","7.696256380107639","true","85.44194083869431","95.98026179472768","0.0","8085.0","true","0.0","0.0","INIT","20","0"
"259","EDGE","375","EDGE","17.325913728575213","true","92.49027325766355","95.98026179472768","0.0","8085.0","true","0.0","0.0","INIT","20","0"
"375","EDGE","259","EDGE","17.325913728575213","true","92.49027325766355","95.98026179472768","0.0","8085.0","true","0.0","0.0","INIT","20","0"
"259","EDGE","512","EDGE","58.46372264960445","true","103.05407961410809","103.48026179472768","0.0","5390.0","true","0.0","0.0","INIT","15","0"
"512","EDGE","259","EDGE","58.46372264960445","true","103.05407961410809","103.48026179472768","0.0","5390.0","true","0.0","0.0","INIT","15","0"
"259","EDGE","409","EDGE","156.86672665768697","true","111.62696699037704","117.48026179472768","0.0","1348.0","true","0.0","0.0","INIT","5","0"
"409","EDGE","259","EDGE","156.86672665768697","true","111.62696699037704","117.48026179472768","0.0","1348.0","true","0.0","0.0","INIT","5","0"
"259","EDGE","507","EDGE","174.09982027172907","true","112.53231676185499","117.48026179472768","0.0","1348.0","true","0.0","0.0","INIT","5","0"
"507","EDGE","259","EDGE","174.09982027172907","true","112.53231676185499","117.48026179472768","0.0","1348.0","true","0.0","0.0","INIT","5","0"
"259","EDGE","412","EDGE","195.23323658494638","true","113.52742538804802","119.48026179472768","0.0","1155.0","true","0.0","0.0","INIT","3","0"
"412","EDGE","259","EDGE","195.23323658494638","true","113.52742538804802","119.48026179472768","0.0","1155.0","true","0.0","0.0","INIT","3","0"
"436","EDGE","569","EDGE","23.08012012601168","true","94.98111160378234","95.98026179472768","0.0","8085.0","true","0.0","0.0","INIT","20","0"
"569","EDGE","436","EDGE","23.08012012601168","true","94.98111160378234","95.98026179472768","0.0","8085.0","true","0.0","0.0","INIT","20","0"
"436","EDGE","521","EDGE","143.98404882174583","true","110.88263794082403","114.48026179472768","0.0","2310.0","true","0.0","0.0","INIT","8","0"
"521","EDGE","436","EDGE","143.98404882174583","true","110.88263794082403","114.48026179472768","0.0","2310.0","true","0.0","0.0","INIT","8","0"
"27","EDGE","51","EDGE","80.20300592995642","true","105.80016321660212","107.48026179472768","0.0","3850.0","true","0.0","0.0","INIT","12","0"
"51","EDGE","27","EDGE","80.20300592995642","true","105.80016321660212","107.48026179472768","0.0","3850.0","true","0.0","0.0","INIT","12","0"
"27","EDGE","69","EDGE","108.14939021039069","true","108.39683180731149","109.48026179472768","0.0","3080.0","true","0.0","0.0","INIT","11","0"
"69","EDGE","27","EDGE","108.14939021039069","true","108.39683180731149","109.48026179472768","0.0","3080.0","true","0.0","0.0","INIT","11","0"
"27","EDGE","353","EDGE","163.78554017229663","true","112.00186145363872","117.48026179472768","0.0","1348.0","true","0.0","0.0","INIT","5","0"
"353","EDGE","27","EDGE","163.78554017229663","true","112.00186145363872","117.48026179472768","0.0","1348.0","true","0.0","0.0","INIT","5","0"
"27","EDGE","525","EDGE","208.77032680694398","true","114.10972572730577","119.48026179472768","0.0","1155.0","true","0.0","0.0","INIT","3","0"
"525","EDGE","27","EDGE","208.77032680694398","true","114.10972572730577","119.48026179472768","0.0","1155.0","true","0.0","0.0","INIT","3","0"
"54","EDGE","394","EDGE","20.39744783458981","true","93.90786692854613","95.98026179472768","0.0","8085.0","true","0.0","0.0","INIT","20","0"
"394","EDGE","54","EDGE","20.39744783458981","true","93.90786692854613","95.98026179472768","0.0","8085.0","true","0.0","0.0","INIT","20","0"
"484","EDGE","569","EDGE","67.90294089712002","true","104.35412198848951","106.1802617947277","0.0","4620.0","true","0.0","0.0","INIT","13","0"
"569","EDGE","484","EDGE","67.90294089712002","true","104.35412198848951","106.1802617947277","0.0","4620.0","true","0.0","0.0","INIT","13","0"
"136","EDGE","445","EDGE","238.42584363391234","true","115.26341686609356","120.98026179472768","0.0","962.0","true","0.0","0.0","INIT","2","0"
"445","EDGE","136","EDGE","238.42584363391234","true","115.26341686609356","120.98026179472768","0.0","962.0","true","0.0","0.0","INIT","2","0"
"378","EDGE","450","EDGE","49.99984309538301","true","101.69572313575225","103.48026179472768","0.0","5390.0","true","0.0","0.0","INIT","15","0"
"450","EDGE","378","EDGE","49.99984309538301","true","101.69572313575225","103.48026179472768","0.0","5390.0","true","0.0","0.0","INIT","15","0"
"143","EDGE","245","EDGE","25.00650229210565","true","95.67740931356487","95.98026179472768","0.0","8085.0","true","0.0","0.0","INIT","20","0"
"245","EDGE","143","EDGE","25.00650229210565","true","95.67740931356487","95.98026179472768","0.0","8085.0","true","0.0","0.0","INIT","20","0"
"143","EDGE","572","EDGE","50.45352094591548","true","101.77417989170063","103.48026179472768","0.0","5390.0","true","0.0","0.0","INIT","15","0"
"572","EDGE","143","EDGE","50.45352094591548","true","101.77417989170063","103.48026179472768","0.0","5390.0","true","0.0","0.0","INIT","15","0"
"195","EDGE","506","EDGE","15.026643783162685","true","91.25359013188577","95.98026179472768","0.0","8085.0","true","0.0","0.0","INIT","20","0"
"506","EDGE","195","EDGE","15.026643783162685","true","91.25359013188577","95.98026179472768","0.0","8085.0","true","0.0","0.0","INIT","20","0"
"195","EDGE","256","EDGE","21.944019084936635","true","94.54267375233769","95.98026179472768","0.0","8085.0","true","0.0","0.0","INIT","20","0"
"256","EDGE","195","EDGE","21.944019084936635","true","94.54267375233769","95.98026179472768","0.0","8085.0","true","0.0","0.0","INIT","20","0"
"404","EDGE","447","EDGE","51.00905307449201","true","101.86929553457941","103.48026179472768","0.0","5390.0","true","0.0","0.0","INIT","15","0"
"447","EDGE","404","EDGE","51.00905307449201","true","101.86929553457941","103.48026179472768","0.0","5390.0","true","0.0","0.0","INIT","15","0"
"404","EDGE","533","EDGE","108.85775628096019","true","108.45353787865795","109.48026179472768","0.0","3080.0","true","0.0","0.0","INIT","11","0"
"533","EDGE","404","EDGE","108.85775628096019","true","108.45353787865795","109.48026179472768","0.0","3080.0","true","0.0","0.0","INIT","11","0"
"98","EDGE","399","EDGE","24.60817620677682","true","95.53793886413621","95.98026179472768","0.0","8085.0","true","0.0","0.0","INIT","20","0"
"399","EDGE","98","EDGE","24.60817620677682","true","95.53793886413621","95.98026179472768","0.0","8085.0","true","0.0","0.0","INIT","20","0"
"270","EDGE","470","EDGE","23.198128099711884","true","95.02540915163327","95.98026179472768","0.0","8085.0","true","0.0","0.0","INIT","20","0"
"470","EDGE","270","EDGE","23.198128099711884","true","95.02540915163327","95.98026179472768","0.0","8085.0","true","0.0","0.0","INIT","20","0"
"270","EDGE","488","EDGE","72.56247875916608","true","104.93059250527679","106.1802617947277","0.0","4620.0","true","0.0","0.0","INIT","13","0"
"488","EDGE","270","EDGE","72.56247875916608","true","104.93059250527679","106.1802617947277","0.0","4620.0","true","0.0","0.0","INIT","13","0"
"270","EDGE","519","EDGE","88.59277218121903","true","106.66431613674828","107.48026179472768","0.0","3850.0","true","0.0","0.0","INIT","12","0"
"519","EDGE","270","EDGE","88.59277218121903","true","106.66431613674828","107.48026179472768","0.0","3850.0","true","0.0","0.0","INIT","12","0"
"454","EDGE","558","EDGE","324.89210966149784","true","117.95113358991044","122.48026179472768","0.0","770.0","true","0.0","0.0","INIT","1","0"
"558","EDGE","454","EDGE","324.89210966149784","true","117.95113358991044","122.48026179472768","0.0","770.0","true","0.0","0.0","INIT","1","0"
"337","EDGE","548","EDGE","10.194737508988847","true","87.8838712697071","95.98026179472768","0.0","8085.0","true","0.0","0.0","INIT","20","0"
"548","EDGE","337","EDGE","10.194737508988847","true","87.8838712697071","95.98026179472768","0.0","8085.0","true","0.0","0.0","INIT","20","0"
"337","EDGE","416","EDGE","53.55274338176671","true","102.29198477876045","103.48026179472768","0.0","5390.0","true","0.0","0.0","INIT","15","0"
"416","EDGE","337","EDGE","53.55274338176671","true","102.29198477876045","103.48026179472768","0.0","5390.0","true","0.0","0.0","INIT","15","0"
"337","EDGE","486","EDGE","80.41703160660666","true","105.82331106958308","107.48026179472768","0.0","3850.0","true","0.0","0.0","INIT","12","0"
"486","EDGE","337","EDGE","80.41703160660666","true","105.82331106958308","107.48026179472768","0.0","3850.0","true","0.0","0.0","INIT","12","0"
"337","EDGE","485","EDGE","182.2252126915077","true","112.92851962230327","118.78026179472769","0.0","1252.0","true","0.0","0.0","INIT","4","0"
"485","EDGE","337","EDGE","182.2252126915077","true","112.92851962230327","118.78026179472769","0.0","1252.0","true","0.0","0.0","INIT","4","0"
"413","EDGE","479","EDGE","167.83760696289275","true","112.21413588021619","117.48026179472768","0.0","1348.0","true","0.0","0.0","INIT","5","0"
"479","EDGE","413","EDGE","167.83760696289275","true","112.21413588021619","117.48026179472768","0.0","1348.0","true","0.0","0.0","INIT","5","0"
"500","EDGE","597","EDGE","175.05525401883034","true","112.57985330597927","117.48026179472768","0.0","1348.0","true","0.0","0.0","INIT","5","0"
"597","EDGE","500","EDGE","175.05525401883034","true","112.57985330597927","117.48026179472768","0.0","1348.0","true","0.0","0.0","INIT","5","0"
"265","EDGE","451","EDGE","3.3692984004916355","true","78.26713982203947","95.98026179472768","0.0","8085.0","true","0.0","0.0","INIT","20","0"
"451","EDGE","265","EDGE","3.3692984004916355","true","78.26713982203947","95.98026179472768","0.0","8085.0","true","0.0","0.0","INIT","20","0"
"319","EDGE","595","EDGE","19.447514603096774","true","93.49363243163765","95.98026179472768","0.0","8085.0","true","0.0","0.0","INIT","20","0"
"595","EDGE","319","EDGE","19.447514603096774","true","93.49363243163765","95.98026179472768","0.0","8085.0","true","0.0","0.0","INIT","20","0"
"252","EDGE","585","EDGE","107.68406723056307","true","108.35937931631344","109.48026179472768","0.0","3080.0","true","0.0","0.0","INIT","11","0"
"585","EDGE","252","EDGE","107.68406723056307","true","108.35937931631344","109.48026179472768","0.0","3080.0","true","0.0","0.0","INIT","11","0"
"252","EDGE","308","EDGE","116.10536258114239","true","109.01339588712221","112.48026179472768","0.0","2695.0","true","0.0","0.0","INIT","10","0"
"308","EDGE","252","EDGE","116.10536258114239","true","109.01339588712221","112.48026179472768","0.0","2695.0","true","0.0","0.0","INIT","10","0"
"296","EDGE","359","EDGE","23.478289999465474","true","95.12967955903859","95.98026179472768","0.0","8085.0","true","0.0","0.0","INIT","20","0"
"359","EDGE","296","EDGE","23.478289999465474","true","95.12967955903859","95.98026179472768","0.0","8085.0","true","0.0","0.0","INIT","20","0"
"296","EDGE","377","EDGE","55.45768609264823","true","102.59558520996825","103.48026179472768","0.0","5390.0","true","0.0","0.0","INIT","15","0"
"377","EDGE","296","EDGE","55.45768609264823","true","102.59558520996825","103.48026179472768","0.0","5390.0","true","0.0","0.0","INIT","15","0"
"428","EDGE","553","EDGE","128.1940199366384","true","109.87370563526869","113.48026179472768","0.0","2503.0","true","0.0","0.0","INIT","9","0"
"553","EDGE","428","EDGE","128.1940199366384","true","109.87370563526869","113.48026179472768","0.0","2503.0","true","0.0","0.0","INIT","9","0"
"428","EDGE","592","EDGE","148.19102494631846","true","111.13278834204431","114.48026179472768","0.0","2310.0","true","0.0","0.0","INIT","8","0"
"592","EDGE","428","EDGE","148.19102494631846","true","111.13278834204431","114.48026179472768","0.0","2310.0","true","0.0","0.0","INIT","8","0"
"407","EDGE","500","EDGE","67.05554274383921","true","104.2450439465424","106.1802617947277","0.0","4620.0","true","0.0","0.0","INIT","13","0"
"500","EDGE","407","EDGE","67.05554274383921","true","104.2450439465424","106.1802617947277","0.0","4620.0","true","0.0","0.0","INIT","13","0"
"407","EDGE","597","EDGE","230.2369503271412","true","114.95985078724408","119.48026179472768","0.0","1155.0","true","0.0","0.0","INIT","3","0"
"597","EDGE","407","EDGE","230.2369503271412","true","114.95985078724408","119.48026179472768","0.0","1155.0","true","0.0","0.0","INIT","3","0"
"79","EDGE","475","EDGE","54.065553774264714","true","102.37476341966416","103.48026179472768","0.0","5390.0","true","0.0","0.0","INIT","15","0"
"475","EDGE","79","EDGE","54.065553774264714","true","102.37476341966416","103.48026179472768","0.0","5390.0","true","0.0","0.0","INIT","15","0"
"79","EDGE","189","EDGE","85.34976302139798","true","106.34039669836702","107.48026179472768","0.0","3850.0","true","0.0","0.0","INIT","12","0"
"189","EDGE","79","EDGE","85.34976302139798","true","106.34039669836702","107.48026179472768","0.0","3850.0","true","0.0","0.0","INIT","12","0"
"79","EDGE","336","EDGE","96.17699606139928","true","107.37777447496298","107.48026179472768","0.0","3850.0","true","0.0","0.0","INIT","12","0"
"336","EDGE","79","EDGE","96.17699606139928","true","107.37777447496298","107.48026179472768","0.0","3850.0","true","0.0","0.0","INIT","12","0"
"79","EDGE","493","EDGE","99.86209785880105","true","107.70436401182617","109.48026179472768","0.0","3080.0","true","0.0","0.0","INIT","11","0"
"493","EDGE","79","EDGE","99.86209785880105","true","107.70436401182617","109.48026179472768","0.0","3080.0","true","0.0","0.0","INIT","11","0"
"79","EDGE","390","EDGE","106.28968496046598","true","108.24617270256913","109.48026179472768","0.0","3080.0","true","0.0","0.0","INIT","11","0"
"390","EDGE","79","EDGE","106.28968496046598","true","108.24617270256913","109.48026179472768","0.0","3080.0","true","0.0","0.0","INIT","11","0"
"79","EDGE","455","EDGE","132.9967004695699","true","110.19316763897861","113.48026179472768","0.0","2503.0","true","0.0","0.0","INIT","9","0"
"455","EDGE","79","EDGE","132.9967004695699","true","110.19316763897861","113.48026179472768","0.0","2503.0","true","0.0","0.0","INIT","9","0"
"79","EDGE","487","EDGE","172.54832608167052","true","112.45456531598177","117.48026179472768","0.0","1348.0","true","0.0","0.0","INIT","5","0"
"487","EDGE","79","EDGE","172.54832608167052","true","112.45456531598177","117.48026179472768","0.0","1348.0","true","0.0","0.0","INIT","5","0"
"173","EDGE","188","EDGE","73.88198196039912","true","105.08712105263967","106.1802617947277","0.0","4620.0","true","0.0","0.0","INIT","13","0"
"188","EDGE","173","EDGE","73.88198196039912","true","105.08712105263967","106.1802617947277","0.0","4620.0","true","0.0","0.0","INIT","13","0"
"173","EDGE","352","EDGE","91.64718625235054","true","106.95873302247705","107.48026179472768","0.0","3850.0","true","0.0","0.0","INIT","12","0"
"352","EDGE","173","EDGE","91.64718625235054","true","106.95873302247705","107.48026179472768","0.0","3850.0","true","0.0","0.0","INIT","12","0"
"173","EDGE","565","EDGE","133.8363166550612","true","110.24782982189095","113.48026179472768","0.0","2503.0","true","0.0","0.0","INIT","9","0"
"565","EDGE","173","EDGE","133.8363166550612","true","110.24782982189095","113.48026179472768","0.0","2503.0","true","0.0","0.0","INIT","9","0"
"173","EDGE","211","EDGE","143.19383848450317","true","110.8348369268431","114.48026179472768","0.0","2310.0","true","0.0","0.0","INIT","8","0"
"211","EDGE","173","EDGE","143.19383848450317","true","110.8348369268431","114.48026179472768","0.0","2310.0","true","0.0","0.0","INIT","8","0"
"557","EDGE","573","EDGE","96.4537900445056","true","107.4027362548842","107.48026179472768","0.0","3850.0","true","0.0","0.0","INIT","12","0"
"573","EDGE","557","EDGE","96.4537900445056","true","107.4027362548842","107.48026179472768","0.0","3850.0","true","0.0","0.0","INIT","12","0"
"10","EDGE","102","EDGE","9.180751699860114","true","86.97391514097714","95.98026179472768","0.0","8085.0","true","0.0","0.0","INIT","20","0"
"102","EDGE","10","EDGE","9.180751699860114","true","86.97391514097714","95.98026179472768","0.0","8085.0","true","0.0","0.0","INIT","20","0"
"10","EDGE","513","EDGE","16.71171707172789","true","92.17677179534726","95.98026179472768","0.0","8085.0","true","0.0","0.0","INIT","20","0"
"513","EDGE","10","EDGE","16.71171707172789","true","92.17677179534726","95.98026179472768","0.0","8085.0","true","0.0","0.0","INIT","20","0"
"156","EDGE","234","EDGE","49.925791133962655","true","101.68284941646917","103.48026179472768","0.0","5390.0","true","0.0","0.0","INIT","15","0"
"234","EDGE","156","EDGE","49.925791133962655","true","101.68284941646917","103.48026179472768","0.0","5390.0","true","0.0","0.0","INIT","15","0"
"475","EDGE","536","EDGE","81.62102680045246","true","105.95239138496683","107.48026179472768","0.0","3850.0","true","0.0","0.0","INIT","12","0"
"536","EDGE","475","EDGE","81.62102680045246","true","105.95239138496683","107.48026179472768","0.0","3850.0","true","0.0","0.0","INIT","12","0"
"475","EDGE","493","EDGE","153.72520742572678","true","111.4512520606541","114.48026179472768","0.0","2310.0","true","0.0","0.0","INIT","8","0"
"493","EDGE","475","EDGE","153.72520742572678","true","111.4512520606541","114.48026179472768","0.0","2310.0","true","0.0","0.0","INIT","8","0"
"65","EDGE","281","EDGE","15.263559468066068","true","91.38946676766909","95.98026179472768","0.0","8085.0","true","0.0","0.0","INIT","20","0"
"281","EDGE","65","EDGE","15.263559468066068","true","91.38946676766909","95.98026179472768","0.0","8085.0","true","0.0","0.0","INIT","20","0"
"65","EDGE","275","EDGE","16.560093517743688","true","92.09760600605165","95.98026179472768","0.0","8085.0","true","0.0","0.0","INIT","20","0"
"275","EDGE","65","EDGE","16.560093517743688","true","92.09760600605165","95.98026179472768","0.0","8085.0","true","0.0","0.0","INIT","20","0"
"87","EDGE","434","EDGE","71.04958189848968","true","104.74758083824841","106.1802617947277","0.0","4620.0","true","0.0","0.0","INIT","13","0"
"434","EDGE","87","EDGE","71.04958189848968","true","104.74758083824841","106.1802617947277","0.0","4620.0","true","0.0","0.0","INIT","13","0"
"87","EDGE","304","EDGE","269.22937963758335","true","116.31879931606868","120.98026179472768","0.0","962.0","true","0.0","0.0","INIT","2","0"
"304","EDGE","87","EDGE","269.22937963758335","true","116.31879931606868","120.98026179472768","0.0","962.0","true","0.0","0.0","INIT","2","0"
"387","EDGE","484","EDGE","25.87916131232064","true","95.9753542597845","95.98026179472768","0.0","8085.0","true","0.0","0.0","INIT","20","0"
"484","EDGE","387","EDGE","25.87916131232064","true","95.9753542597845","95.98026179472768","0.0","8085.0","true","0.0","0.0","INIT","20","0"
"387","EDGE","436","EDGE","71.23356121118161","true","104.77004344149748","106.1802617947277","0.0","4620.0","true","0.0","0.0","INIT","13","0"
"436","EDGE","387","EDGE","71.23356121118161","true","104.77004344149748","106.1802617947277","0.0","4620.0","true","0.0","0.0","INIT","13","0"
"193","EDGE","241","EDGE","20.73495510388286","true","94.05041229319932","95.98026179472768","0.0","8085.0","true","0.0","0.0","INIT","20","0"
"241","EDGE","193","EDGE","20.73495510388286","true","94.05041229319932","95.98026179472768","0.0","8085.0","true","0.0","0.0","INIT","20","0"
"193","EDGE","388","EDGE","68.77643244017247","true","104.46514319456013","106.1802617947277","0.0","4620.0","true","0.0","0.0","INIT","13","0"
"388","EDGE","193","EDGE","68.77643244017247","true","104.46514319456013","106.1802617947277","0.0","4620.0","true","0.0","0.0","INIT","13","0"
"193","EDGE","246","EDGE","111.32034960739063","true","108.64784153797282","112.48026179472768","0.0","2695.0","true","0.0","0.0","INIT","10","0"
"246","EDGE","193","EDGE","111.32034960739063","true","108.64784153797282","112.48026179472768","0.0","2695.0","true","0.0","0.0","INIT","10","0"
"193","EDGE","375","EDGE","151.22021283241614","true","111.30854720554434","114.48026179472768","0.0","2310.0","true","0.0","0.0","INIT","8","0"
"375","EDGE","193","EDGE","151.22021283241614","true","111.30854720554434","114.48026179472768","0.0","2310.0","true","0.0","0.0","INIT","8","0"
"193","EDGE","259","EDGE","160.63824890222895","true","111.83332953219954","117.48026179472768","0.0","1348.0","true","0.0","0.0","INIT","5","0"
"259","EDGE","193","EDGE","160.63824890222895","true","111.83332953219954","117.48026179472768","0.0","1348.0","true","0.0","0.0","INIT","5","0"
"193","EDGE","205","EDGE","177.45165590894888","true","112.69795143354924","117.48026179472768","0.0","1348.0","true","0.0","0.0","INIT","5","0"
"205","EDGE","193","EDGE","177.45165590894888","true","112.69795143354924","117.48026179472768","0.0","1348.0","true","0.0","0.0","INIT","5","0"
"193","EDGE","409","EDGE","317.23484410204355","true","117.74396796297822","122.48026179472768","0.0","770.0","true","0.0","0.0","INIT","1","0"
"409","EDGE","193","EDGE","317.23484410204355","true","117.74396796297822","122.48026179472768","0.0","770.0","true","0.0","0.0","INIT","1","0"
"193","EDGE","450","EDGE","432.2471917597405","true","120.43099391447743","124.38026179472769","0.0","385.0","true","0.0","0.0","INIT","0","0"
"450","EDGE","193","EDGE","432.2471917597405","true","120.43099391447743","124.38026179472769","0.0","385.0","true","0.0","0.0","INIT","0","0"
"202","EDGE","573","EDGE","12.594106594517005","true","89.71969760182007","95.98026179472768","0.0","8085.0","true","0.0","0.0","INIT","20","0"
"573","EDGE","202","EDGE","12.594106594517005","true","89.71969760182007","95.98026179472768","0.0","8085.0","true","0.0","0.0","INIT","20","0"
"202","EDGE","379","EDGE","159.63827608577336","true","111.77909089108424","117.48026179472768","0.0","1348.0","true","0.0","0.0","INIT","5","0"
"379","EDGE","202","EDGE","159.63827608577336","true","111.77909089108424","117.48026179472768","0.0","1348.0","true","0.0","0.0","INIT","5","0"
"289","EDGE","547","EDGE","5.907479821915805","true","83.14439524408309","95.98026179472768","0.0","8085.0","true","0.0","0.0","INIT","20","0"
"547","EDGE","289","EDGE","5.907479821915805","true","83.14439524408309","95.98026179472768","0.0","8085.0","true","0.0","0.0","INIT","20","0"
"287","EDGE","480","EDGE","14.143955629682548","true","90.72776801153782","95.98026179472768","0.0","8085.0","true","0.0","0.0","INIT","20","0"
"480","EDGE","287","EDGE","14.143955629682548","true","90.72776801153782","95.98026179472768","0.0","8085.0","true","0.0","0.0","INIT","20","0"
"287","EDGE","481","EDGE","58.78290095970602","true","103.10137060364018","103.48026179472768","0.0","5390.0","true","0.0","0.0","INIT","15","0"
"481","EDGE","287","EDGE","58.78290095970602","true","103.10137060364018","103.48026179472768","0.0","5390.0","true","0.0","0.0","INIT","15","0"
"287","EDGE","382","EDGE","59.63224280769506","true","103.22597318125288","105.1802617947277","0.0","5005.0","true","0.0","0.0","INIT","14","0"
"382","EDGE","287","EDGE","59.63224280769506","true","103.22597318125288","105.1802617947277","0.0","5005.0","true","0.0","0.0","INIT","14","0"
"287","EDGE","371","EDGE","114.33680743211538","true","108.88007153551915","112.48026179472768","0.0","2695.0","true","0.0","0.0","INIT","10","0"
"371","EDGE","287","EDGE","114.33680743211538","true","108.88007153551915","112.48026179472768","0.0","2695.0","true","0.0","0.0","INIT","10","0"
"529","EDGE","564","EDGE","94.70993873278017","true","107.24426141959444","107.48026179472768","0.0","3850.0","true","0.0","0.0","INIT","12","0"
"564","EDGE","529","EDGE","94.70993873278017","true","107.24426141959444","107.48026179472768","0.0","3850.0","true","0.0","0.0","INIT","12","0"
"238","EDGE","497","EDGE","64.27496403948896","true","103.87718715292236","105.1802617947277","0.0","5005.0","true","0.0","0.0","INIT","14","0"
"497","EDGE","238","EDGE","64.27496403948896","true","103.87718715292236","105.1802617947277","0.0","5005.0","true","0.0","0.0","INIT","14","0"
"238","EDGE","303","EDGE","99.04094168581271","true","107.63264552594862","109.48026179472768","0.0","3080.0","true","0.0","0.0","INIT","11","0"
"303","EDGE","238","EDGE","99.04094168581271","true","107.63264552594862","109.48026179472768","0.0","3080.0","true","0.0","0.0","INIT","11","0"
"238","EDGE","585","EDGE","106.29824649476404","true","108.24687231464566","109.48026179472768","0.0","3080.0","true","0.0","0.0","INIT","11","0"
"585","EDGE","238","EDGE","106.29824649476404","true","108.24687231464566","109.48026179472768","0.0","3080.0","true","0.0","0.0","INIT","11","0"
"238","EDGE","336","EDGE","272.25360743311757","true","116.41582316587801","120.98026179472768","0.0","962.0","true","0.0","0.0","INIT","2","0"
"336","EDGE","238","EDGE","272.25360743311757","true","116.41582316587801","120.98026179472768","0.0","962.0","true","0.0","0.0","INIT","2","0"
"318","EDGE","503","EDGE","12.26914299597961","true","89.49263486943349","95.98026179472768","0.0","8085.0","true","0.0","0.0","INIT","20","0"
"503","EDGE","318","EDGE","12.26914299597961","true","89.49263486943349","95.98026179472768","0.0","8085.0","true","0.0","0.0","INIT","20","0"
"318","EDGE","518","EDGE","25.68046061880616","true","95.9084064904055","95.98026179472768","0.0","8085.0","true","0.0","0.0","INIT","20","0"
"518","EDGE","318","EDGE","25.68046061880616","true","95.9084064904055","95.98026179472768","0.0","8085.0","true","0.0","0.0","INIT","20","0"
"318","EDGE","414","EDGE","260.7849685191699","true","116.04200141263274","120.98026179472768","0.0","962.0","true","0.0","0.0","INIT","2","0"
"414","EDGE","318","EDGE","260.7849685191699","true","116.04200141263274","120.98026179472768","0.0","962.0","true","0.0","0.0","INIT","2","0"
"206","EDGE","510","EDGE","17.318035767581712","true","92.48632295165416","95.98026179472768","0.0","8085.0","true","0.0","0.0","INIT","20","0"
"510","EDGE","206","EDGE","17.318035767581712","true","92.48632295165416","95.98026179472768","0.0","8085.0","true","0.0","0.0","INIT","20","0"
"206","EDGE","345","EDGE","67.1052844559808","true","104.25148473929666","106.1802617947277","0.0","4620.0","true","0.0","0.0","INIT","13","0"
"345","EDGE","206","EDGE","67.1052844559808","true","104.25148473929666","106.1802617947277","0.0","4620.0","true","0.0","0.0","INIT","13","0"
"206","EDGE","367","EDGE","121.38280907664111","true","109.39949398302403","112.48026179472768","0.0","2695.0","true","0.0","0.0","INIT","10","0"
"367","EDGE","206","EDGE","121.38280907664111","true","109.39949398302403","112.48026179472768","0.0","2695.0","true","0.0","0.0","INIT","10","0"
"206","EDGE","352","EDGE","141.0861994163753","true","110.70604099794888","114.48026179472768","0.0","2310.0","true","0.0","0.0","INIT","8","0"
"352","EDGE","206","EDGE","141.0861994163753","true","110.70604099794888","114.48026179472768","0.0","2310.0","true","0.0","0.0","INIT","8","0"
"206","EDGE","565","EDGE","175.32173254958605","true","112.59306538122432","117.48026179472768","0.0","1348.0","true","0.0","0.0","INIT","5","0"
"565","EDGE","206","EDGE","175.32173254958605","true","112.59306538122432","117.48026179472768","0.0","1348.0","true","0.0","0.0","INIT","5","0"
"206","EDGE","277","EDGE","269.88310446720004","true","116.3398642502862","120.98026179472768","0.0","962.0","true","0.0","0.0","INIT","2","0"
"277","EDGE","206","EDGE","269.88310446720004","true","116.3398642502862","120.98026179472768","0.0","962.0","true","0.0","0.0","INIT","2","0"
"503","EDGE","518","EDGE","20.963377586354945","true","94.14557544203149","95.98026179472768","0.0","8085.0","true","0.0","0.0","INIT","20","0"
"518","EDGE","503","EDGE","20.963377586354945","true","94.14557544203149","95.98026179472768","0.0","8085.0","true","0.0","0.0","INIT","20","0"
"503","EDGE","546","EDGE","135.50657465968402","true","110.35555765234794","113.48026179472768","0.0","2503.0","true","0.0","0.0","INIT","9","0"
"546","EDGE","503","EDGE","135.50657465968402","true","110.35555765234794","113.48026179472768","0.0","2503.0","true","0.0","0.0","INIT","9","0"
"503","EDGE","578","EDGE","272.3826187587725","true","116.41993812593307","120.98026179472768","0.0","962.0","true","0.0","0.0","INIT","2","0"
"578","EDGE","503","EDGE","272.3826187587725","true","116.41993812593307","120.98026179472768","0.0","962.0","true","0.0","0.0","INIT","2","0"
"127","EDGE","497","EDGE","7.9591777866212645","true","85.73371442181431","95.98026179472768","0.0","8085.0","true","0.0","0.0","INIT","20","0"
"497","EDGE","127","EDGE","7.9591777866212645","true","85.73371442181431","95.98026179472768","0.0","8085.0","true","0.0","0.0","INIT","20","0"
"127","EDGE","411","EDGE","22.740218990834343","true","94.85224315971729","95.98026179472768","0.0","8085.0","true","0.0","0.0","INIT","20","0"
"411","EDGE","127","EDGE","22.740218990834343","true","94.85224315971729","95.98026179472768","0.0","8085.0","true","0.0","0.0","INIT","20","0"
"127","EDGE","238","EDGE","71.3571365475776","true","104.78509858912658","106.1802617947277","0.0","4620.0","true","0.0","0.0","INIT","13","0"
"238","EDGE","127","EDGE","71.3571365475776","true","104.78509858912658","106.1802617947277","0.0","4620.0","true","0.0","0.0","INIT","13","0"
"127","EDGE","308","EDGE","80.59969030989373","true","105.84301776836405","107.48026179472768","0.0","3850.0","true","0.0","0.0","INIT","12","0"
"308","EDGE","127","EDGE","80.59969030989373","true","105.84301776836405","107.48026179472768","0.0","3850.0","true","0.0","0.0","INIT","12","0"
"127","EDGE","303","EDGE","170.33727752799626","true","112.34254434038733","117.48026179472768","0.0","1348.0","true","0.0","0.0","INIT","5","0"
"303","EDGE","127","EDGE","170.33727752799626","true","112.34254434038733","117.48026179472768","0.0","1348.0","true","0.0","0.0","INIT","5","0"
"476","EDGE","593","EDGE","19.072513590902496","true","93.32450896703597","95.98026179472768","0.0","8085.0","true","0.0","0.0","INIT","20","0"
"593","EDGE","476","EDGE","19.072513590902496","true","93.32450896703597","95.98026179472768","0.0","8085.0","true","0.0","0.0","INIT","20","0"
"118","EDGE","370","EDGE","60.686016641127374","true","103.37812294312172","105.1802617947277","0.0","5005.0","true","0.0","0.0","INIT","14","0"
"370","EDGE","118","EDGE","60.686016641127374","true","103.37812294312172","105.1802617947277","0.0","5005.0","true","0.0","0.0","INIT","14","0"
"118","EDGE","476","EDGE","66.94891476137778","true","104.23122113645537","106.1802617947277","0.0","4620.0","true","0.0","0.0","INIT","13","0"
"476","EDGE","118","EDGE","66.94891476137778","true","104.23122113645537","106.1802617947277","0.0","4620.0","true","0.0","0.0","INIT","13","0"
"118","EDGE","593","EDGE","74.92589308430185","true","105.20898887122405","106.1802617947277","0.0","4620.0","true","0.0","0.0","INIT","13","0"
"593","EDGE","118","EDGE","74.92589308430185","true","105.20898887122405","106.1802617947277","0.0","4620.0","true","0.0","0.0","INIT","13","0"
"118","EDGE","374","EDGE","90.17942950599482","true","106.81849997702167","107.48026179472768","0.0","3850.0","true","0.0","0.0","INIT","12","0"
"374","EDGE","118","EDGE","90.17942950599482","true","106.81849997702167","107.48026179472768","0.0","3850.0","true","0.0","0.0","INIT","12","0"
"390","EDGE","536","EDGE","133.83524875720343","true","110.24776051574015","113.48026179472768","0.0","2503.0","true","0.0","0.0","INIT","9","0"
"536","EDGE","390","EDGE","133.83524875720343","true","110.24776051574015","113.48026179472768","0.0","2503.0","true","0.0","0.0","INIT","9","0"
"477","EDGE","481","EDGE","14.074394712197277","true","90.68494483662312","95.98026179472768","0.0","8085.0","true","0.0","0.0","INIT","20","0"
"481","EDGE","477","EDGE","14.074394712197277","true","90.68494483662312","95.98026179472768","0.0","8085.0","true","0.0","0.0","INIT","20","0"
"94","EDGE","213","EDGE","22.724781698713095","true","94.84634470513487","95.98026179472768","0.0","8085.0","true","0.0","0.0","INIT","20","0"
"213","EDGE","94","EDGE","22.724781698713095","true","94.84634470513487","95.98026179472768","0.0","8085.0","true","0.0","0.0","INIT","20","0"
"94","EDGE","218","EDGE","24.28860407045995","true","95.42440141587261","95.98026179472768","0.0","8085.0","true","0.0","0.0","INIT","20","0"
"218","EDGE","94","EDGE","24.28860407045995","true","95.42440141587261","95.98026179472768","0.0","8085.0","true","0.0","0.0","INIT","20","0"
"94","EDGE","298","EDGE","90.06956224995679","true","106.80791134659806","107.48026179472768","0.0","3850.0","true","0.0","0.0","INIT","12","0"
"298","EDGE","94","EDGE","90.06956224995679","true","106.80791134659806","107.48026179472768","0.0","3850.0","true","0.0","0.0","INIT","12","0"
"94","EDGE","345","EDGE","92.72954903116694","true","107.06071326013401","107.48026179472768","0.0","3850.0","true","0.0","0.0","INIT","12","0"
"345","EDGE","94","EDGE","92.72954903116694","true","107.06071326013401","107.48026179472768","0.0","3850.0","true","0.0","0.0","INIT","12","0"
"94","EDGE","171","EDGE","103.98663220637286","true","108.05590056676003","109.48026179472768","0.0","3080.0","true","0.0","0.0","INIT","11","0"
"171","EDGE","94","EDGE","103.98663220637286","true","108.05590056676003","109.48026179472768","0.0","3080.0","true","0.0","0.0","INIT","11","0"
"94","EDGE","190","EDGE","129.469561167146","true","109.95970382574188","113.48026179472768","0.0","2503.0","true","0.0","0.0","INIT","9","0"
"190","EDGE","94","EDGE","129.469561167146","true","109.95970382574188","113.48026179472768","0.0","2503.0","true","0.0","0.0","INIT","9","0"
"518","EDGE","546","EDGE","114.64465476311084","true","108.90342652266769","112.48026179472768","0.0","2695.0","true","0.0","0.0","INIT","10","0"
"546","EDGE","518","EDGE","114.64465476311084","true","108.90342652266769","112.48026179472768","0.0","2695.0","true","0.0","0.0","INIT","10","0"
"518","EDGE","578","EDGE","293.33192380875556","true","117.0635369172937","122.48026179472768","0.0","770.0","true","0.0","0.0","INIT","1","0"
"578","EDGE","518","EDGE","293.33192380875556","true","117.0635369172937","122.48026179472768","0.0","770.0","true","0.0","0.0","INIT","1","0"
"321","EDGE","566","EDGE","91.7928127271731","true","106.97252386156828","107.48026179472768","0.0","3850.0","true","0.0","0.0","INIT","12","0"
"566","EDGE","321","EDGE","91.7928127271731","true","106.97252386156828","107.48026179472768","0.0","3850.0","true","0.0","0.0","INIT","12","0"
"321","EDGE","499","EDGE","169.31649531488338","true","112.29033571471604","117.48026179472768","0.0","1348.0","true","0.0","0.0","INIT","5","0"
"499","EDGE","321","EDGE","169.31649531488338","true","112.29033571471604","117.48026179472768","0.0","1348.0","true","0.0","0.0","INIT","5","0"
"302","EDGE","452","EDGE","24.067985653022465","true","95.34514518491495","95.98026179472768","0.0","8085.0","true","0.0","0.0","INIT","20","0"
"452","EDGE","302","EDGE","24.067985653022465","true","95.34514518491495","95.98026179472768","0.0","8085.0","true","0.0","0.0","INIT","20","0"
"232","EDGE","353","EDGE","54.07296933833015","true","102.37595468378214","103.48026179472768","0.0","5390.0","true","0.0","0.0","INIT","15","0"
"353","EDGE","232","EDGE","54.07296933833015","true","102.37595468378214","103.48026179472768","0.0","5390.0","true","0.0","0.0","INIT","15","0"
"232","EDGE","597","EDGE","83.02393854407046","true","106.10041694375383","107.48026179472768","0.0","3850.0","true","0.0","0.0","INIT","12","0"
"597","EDGE","232","EDGE","83.02393854407046","true","106.10041694375383","107.48026179472768","0.0","3850.0","true","0.0","0.0","INIT","12","0"
"232","EDGE","406","EDGE","107.36907236352974","true","108.3339343252436","109.48026179472768","0.0","3080.0","true","0.0","0.0","INIT","11","0"
"406","EDGE","232","EDGE","107.36907236352974","true","108.3339343252436","109.48026179472768","0.0","3080.0","true","0.0","0.0","INIT","11","0"
"232","EDGE","445","EDGE","127.05736265364139","true","109.79634703390278","113.48026179472768","0.0","2503.0","true","0.0","0.0","INIT","9","0"
"445","EDGE","232","EDGE","127.05736265364139","true","109.79634703390278","113.48026179472768","0.0","2503.0","true","0.0","0.0","INIT","9","0"
"232","EDGE","306","EDGE","148.5843893303629","true","111.15581398004447","114.48026179472768","0.0","2310.0","true","0.0","0.0","INIT","8","0"
"306","EDGE","232","EDGE","148.5843893303629","true","111.15581398004447","114.48026179472768","0.0","2310.0","true","0.0","0.0","INIT","8","0"
"39","EDGE","580","EDGE","14.892752554046698","true","91.1758497797847","95.98026179472768","0.0","8085.0","true","0.0","0.0","INIT","20","0"
"580","EDGE","39","EDGE","14.892752554046698","true","91.1758497797847","95.98026179472768","0.0","8085.0","true","0.0","0.0","INIT","20","0"
"39","EDGE","211","EDGE","75.01992843798845","true","105.21988321696817","106.1802617947277","0.0","4620.0","true","0.0","0.0","INIT","13","0"
"211","EDGE","39","EDGE","75.01992843798845","true","105.21988321696817","106.1802617947277","0.0","4620.0","true","0.0","0.0","INIT","13","0"
"39","EDGE","233","EDGE","91.02095055821434","true","106.89917763934693","107.48026179472768","0.0","3850.0","true","0.0","0.0","INIT","12","0"
"233","EDGE","39","EDGE","91.02095055821434","true","106.89917763934693","107.48026179472768","0.0","3850.0","true","0.0","0.0","INIT","12","0"
"39","EDGE","298","EDGE","137.495949762279","true","110.48214841180766","114.48026179472768","0.0","2310.0","true","0.0","0.0","INIT","8","0"
"298","EDGE","39","EDGE","137.495949762279","true","110.48214841180766","114.48026179472768","0.0","2310.0","true","0.0","0.0","INIT","8","0"
"365","EDGE","449","EDGE","25.30676578488875","true","95.78108322001015","95.98026179472768","0.0","8085.0","true","0.0","0.0","INIT","20","0"
"449","EDGE","365","EDGE","25.30676578488875","true","95.78108322001015","95.98026179472768","0.0","8085.0","true","0.0","0.0","INIT","20","0"
"347","EDGE","490","EDGE","18.76526629993118","true","93.18344494445779","95.98026179472768","0.0","8085.0","true","0.0","0.0","INIT","20","0"
"490","EDGE","347","EDGE","18.76526629993118","true","93.18344494445779","95.98026179472768","0.0","8085.0","true","0.0","0.0","INIT","20","0"
"277","EDGE","431","EDGE","128.23428222683873","true","109.87643321104078","113.48026179472768","0.0","2503.0","true","0.0","0.0","INIT","9","0"
"431","EDGE","277","EDGE","128.23428222683873","true","109.87643321104078","113.48026179472768","0.0","2503.0","true","0.0","0.0","INIT","9","0"
"277","EDGE","345","EDGE","202.78386053760318","true","113.85701804147712","119.48026179472768","0.0","1155.0","true","0.0","0.0","INIT","3","0"
"345","EDGE","277","EDGE","202.78386053760318","true","113.85701804147712","119.48026179472768","0.0","1155.0","true","0.0","0.0","INIT","3","0"
"277","EDGE","298","EDGE","380.86760829050803","true","119.3318310805579","124.38026179472769","0.0","385.0","true","0.0","0.0","INIT","0","0"
"298","EDGE","277","EDGE","380.86760829050803","true","119.3318310805579","124.38026179472769","0.0","385.0","true","0.0","0.0","INIT","0","0"
"140","EDGE","507","EDGE","16.66079749459207","true","92.15026602097669","95.98026179472768","0.0","8085.0","true","0.0","0.0","INIT","20","0"
"507","EDGE","140","EDGE","16.66079749459207","true","92.15026602097669","95.98026179472768","0.0","8085.0","true","0.0","0.0","INIT","20","0"
"140","EDGE","450","EDGE","84.35233249637659","true","106.23829222876759","107.48026179472768","0.0","3850.0","true","0.0","0.0","INIT","12","0"
"450","EDGE","140","EDGE","84.35233249637659","true","106.23829222876759","107.48026179472768","0.0","3850.0","true","0.0","0.0","INIT","12","0"
"140","EDGE","205","EDGE","173.9305094622006","true","112.52386568735676","117.48026179472768","0.0","1348.0","true","0.0","0.0","INIT","5","0"
"205","EDGE","140","EDGE","173.9305094622006","true","112.52386568735676","117.48026179472768","0.0","1348.0","true","0.0","0.0","INIT","5","0"
"140","EDGE","259","EDGE","190.75039361504352","true","113.32565916216163","118.78026179472769","0.0","1252.0","true","0.0","0.0","INIT","4","0"
"259","EDGE","140","EDGE","190.75039361504352","true","113.32565916216163","118.78026179472769","0.0","1252.0","true","0.0","0.0","INIT","4","0"
"53","EDGE","170","EDGE","17.79840667274754","true","92.72397281956088","95.98026179472768","0.0","8085.0","true","0.0","0.0","INIT","20","0"
"170","EDGE","53","EDGE","17.79840667274754","true","92.72397281956088","95.98026179472768","0.0","8085.0","true","0.0","0.0","INIT","20","0"
"53","EDGE","101","EDGE","50.84812944622377","true","101.84184992880715","103.48026179472768","0.0","5390.0","true","0.0","0.0","INIT","15","0"
"101","EDGE","53","EDGE","50.84812944622377","true","101.84184992880715","103.48026179472768","0.0","5390.0","true","0.0","0.0","INIT","15","0"
"53","EDGE","519","EDGE","97.12363212117155","true","107.46284861210022","107.48026179472768","0.0","3850.0","true","0.0","0.0","INIT","12","0"
"519","EDGE","53","EDGE","97.12363212117155","true","107.46284861210022","107.48026179472768","0.0","3850.0","true","0.0","0.0","INIT","12","0"
"53","EDGE","192","EDGE","106.74533432033299","true","108.2833283411296","109.48026179472768","0.0","3080.0","true","0.0","0.0","INIT","11","0"
"192","EDGE","53","EDGE","106.74533432033299","true","108.2833283411296","109.48026179472768","0.0","3080.0","true","0.0","0.0","INIT","11","0"
"53","EDGE","470","EDGE","111.20826011684335","true","108.63909122916509","112.48026179472768","0.0","2695.0","true","0.0","0.0","INIT","10","0"
"470","EDGE","53","EDGE","111.20826011684335","true","108.63909122916509","112.48026179472768","0.0","2695.0","true","0.0","0.0","INIT","10","0"
"53","EDGE","270","EDGE","126.63995060634109","true","109.76776495550835","113.48026179472768","0.0","2503.0","true","0.0","0.0","INIT","9","0"
"270","EDGE","53","EDGE","126.63995060634109","true","109.76776495550835","113.48026179472768","0.0","2503.0","true","0.0","0.0","INIT","9","0"
"53","EDGE","488","EDGE","148.73180173571245","true","111.16442708641098","114.48026179472768","0.0","2310.0","true","0.0","0.0","INIT","8","0"
"488","EDGE","53","EDGE","148.73180173571245","true","111.16442708641098","114.48026179472768","0.0","2310.0","true","0.0","0.0","INIT","8","0"
"284","EDGE","361","EDGE","88.27911226401855","true","106.63350945100282","107.48026179472768","0.0","3850.0","true","0.0","0.0","INIT","12","0"
"361","EDGE","284","EDGE","88.27911226401855","true","106.63350945100282","107.48026179472768","0.0","3850.0","true","0.0","0.0","INIT","12","0"
"215","EDGE","496","EDGE","53.4220637804978","true","102.27076353631477","103.48026179472768","0.0","5390.0","true","0.0","0.0","INIT","15","0"
"496","EDGE","215","EDGE","53.4220637804978","true","102.27076353631477","103.48026179472768","0.0","5390.0","true","0.0","0.0","INIT","15","0"
"215","EDGE","280","EDGE","59.110728809702465","true","103.14967658709622","103.48026179472768","0.0","5390.0","true","0.0","0.0","INIT","15","0"
"280","EDGE","215","EDGE","59.110728809702465","true","103.14967658709622","103.48026179472768","0.0","5390.0","true","0.0","0.0","INIT","15","0"
"215","EDGE","567","EDGE","83.12555566026008","true","106.11104153422687","107.48026179472768","0.0","3850.0","true","0.0","0.0","INIT","12","0"
"567","EDGE","215","EDGE","83.12555566026008","true","106.11104153422687","107.48026179472768","0.0","3850.0","true","0.0","0.0","INIT","12","0"
"273","EDGE","404","EDGE","18.07507949517806","true","92.85795462662657","95.98026179472768","0.0","8085.0","true","0.0","0.0","INIT","20","0"
"404","EDGE","273","EDGE","18.07507949517806","true","92.85795462662657","95.98026179472768","0.0","8085.0","true","0.0","0.0","INIT","20","0"
"273","EDGE","447","EDGE","66.17221059431395","true","104.12986317071183","105.1802617947277","0.0","5005.0","true","0.0","0.0","INIT","14","0"
"447","EDGE","273","EDGE","66.17221059431395","true","104.12986317071183","105.1802617947277","0.0","5005.0","true","0.0","0.0","INIT","14","0"
"273","EDGE","533","EDGE","95.29061063345188","true","107.29735250553944","107.48026179472768","0.0","3850.0","true","0.0","0.0","INIT","12","0"
"533","EDGE","273","EDGE","95.29061063345188","true","107.29735250553944","107.48026179472768","0.0","3850.0","true","0.0","0.0","INIT","12","0"
"441","EDGE","475","EDGE","20.65071309759873","true","94.01505136697175","95.98026179472768","0.0","8085.0","true","0.0","0.0","INIT","20","0"
"475","EDGE","441","EDGE","20.65071309759873","true","94.01505136697175","95.98026179472768","0.0","8085.0","true","0.0","0.0","INIT","20","0"
"441","EDGE","493","EDGE","133.1851301687466","true","110.2054650962547","113.48026179472768","0.0","2503.0","true","0.0","0.0","INIT","9","0"
"493","EDGE","441","EDGE","133.1851301687466","true","110.2054650962547","113.48026179472768","0.0","2503.0","true","0.0","0.0","INIT","9","0"
"303","EDGE","397","EDGE","128.5162102158795","true","109.89550851141972","113.48026179472768","0.0","2503.0","true","0.0","0.0","INIT","9","0"
"397","EDGE","303","EDGE","128.5162102158795","true","109.89550851141972","113.48026179472768","0.0","2503.0","true","0.0","0.0","INIT","9","0"
"303","EDGE","411","EDGE","147.59769268591344","true","111.09794167523313","114.48026179472768","0.0","2310.0","true","0.0","0.0","INIT","8","0"
"411","EDGE","303","EDGE","147.59769268591344","true","111.09794167523313","114.48026179472768","0.0","2310.0","true","0.0","0.0","INIT","8","0"
"303","EDGE","497","EDGE","163.31590059909152","true","111.97691970898663","117.48026179472768","0.0","1348.0","true","0.0","0.0","INIT","5","0"
"497","EDGE","303","EDGE","163.31590059909152","true","111.97691970898663","117.48026179472768","0.0","1348.0","true","0.0","0.0","INIT","5","0"
"303","EDGE","493","EDGE","171.4704744326202","true","112.400137295826","117.48026179472768","0.0","1348.0","true","0.0","0.0","INIT","5","0"
"493","EDGE","303","EDGE","171.4704744326202","true","112.400137295826","117.48026179472768","0.0","1348.0","true","0.0","0.0","INIT","5","0"
"303","EDGE","585","EDGE","205.33917209363426","true","113.96578643937883","119.48026179472768","0.0","1155.0","true","0.0","0.0","INIT","3","0"
"585","EDGE","303","EDGE","205.33917209363426","true","113.96578643937883","119.48026179472768","0.0","1155.0","true","0.0","0.0","INIT","3","0"
"351","EDGE","429","EDGE","20.417939339012115","true","93.91658849034964","95.98026179472768","0.0","8085.0","true","0.0","0.0","INIT","20","0"
"429","EDGE","351","EDGE","20.417939339012115","true","93.91658849034964","95.98026179472768","0.0","8085.0","true","0.0","0.0","INIT","20","0"
"5","EDGE","447","EDGE","55.66579415206285","true","102.62811849179361","103.48026179472768","0.0","5390.0","true","0.0","0.0","INIT","15","0"
"447","EDGE","5","EDGE","55.66579415206285","true","102.62811849179361","103.48026179472768","0.0","5390.0","true","0.0","0.0","INIT","15","0"
"5","EDGE","342","EDGE","89.64282920683782","true","106.76666140213088","107.48026179472768","0.0","3850.0","true","0.0","0.0","INIT","12","0"
"342","EDGE","5","EDGE","89.64282920683782","true","106.76666140213088","107.48026179472768","0.0","3850.0","true","0.0","0.0","INIT","12","0"
"5","EDGE","404","EDGE","106.67351108100591","true","108.27748210245633","109.48026179472768","0.0","3080.0","true","0.0","0.0","INIT","11","0"
"404","EDGE","5","EDGE","106.67351108100591","true","108.27748210245633","109.48026179472768","0.0","3080.0","true","0.0","0.0","INIT","11","0"
"5","EDGE","273","EDGE","121.45355632276132","true","109.40455502722449","112.48026179472768","0.0","2695.0","true","0.0","0.0","INIT","10","0"
"273","EDGE","5","EDGE","121.45355632276132","true","109.40455502722449","112.48026179472768","0.0","2695.0","true","0.0","0.0","INIT","10","0"
"5","EDGE","335","EDGE","214.91932575512595","true","114.36185969480267","119.48026179472768","0.0","1155.0","true","0.0","0.0","INIT","3","0"
"335","EDGE","5","EDGE","214.91932575512595","true","114.36185969480267","119.48026179472768","0.0","1155.0","true","0.0","0.0","INIT","3","0"
"5","EDGE","217","EDGE","293.96327641125754","true","117.08221189076014","122.48026179472768","0.0","770.0","true","0.0","0.0","INIT","1","0"
"217","EDGE","5","EDGE","293.96327641125754","true","117.08221189076014","122.48026179472768","0.0","770.0","true","0.0","0.0","INIT","1","0"
"147","EDGE","268","EDGE","65.38808234523468","true","104.02632232364942","105.1802617947277","0.0","5005.0","true","0.0","0.0","INIT","14","0"
"268","EDGE","147","EDGE","65.38808234523468","true","104.02632232364942","105.1802617947277","0.0","5005.0","true","0.0","0.0","INIT","14","0"
"35","EDGE","384","EDGE","19.517112460019046","true","93.524661597973","95.98026179472768","0.0","8085.0","true","0.0","0.0","INIT","20","0"
"384","EDGE","35","EDGE","19.517112460019046","true","93.524661597973","95.98026179472768","0.0","8085.0","true","0.0","0.0","INIT","20","0"
"35","EDGE","319","EDGE","24.340482519224636","true","95.44293397254239","95.98026179472768","0.0","8085.0","true","0.0","0.0","INIT","20","0"
"319","EDGE","35","EDGE","24.340482519224636","true","95.44293397254239","95.98026179472768","0.0","8085.0","true","0.0","0.0","INIT","20","0"
"35","EDGE","52","EDGE","58.2153674599251","true","103.01710316829598","103.48026179472768","0.0","5390.0","true","0.0","0.0","INIT","15","0"
"52","EDGE","35","EDGE","58.2153674599251","true","103.01710316829598","103.48026179472768","0.0","5390.0","true","0.0","0.0","INIT","15","0"
"35","EDGE","439","EDGE","60.3456871042972","true","103.3292750380349","105.1802617947277","0.0","5005.0","true","0.0","0.0","INIT","14","0"
"439","EDGE","35","EDGE","60.3456871042972","true","103.3292750380349","105.1802617947277","0.0","5005.0","true","0.0","0.0","INIT","14","0"
"123","EDGE","591","EDGE","354.6180653375009","true","118.71156742876344","124.38026179472769","0.0","385.0","true","0.0","0.0","INIT","0","0"
"591","EDGE","123","EDGE","354.6180653375009","true","118.71156742876344","124.38026179472769","0.0","385.0","true","0.0","0.0","INIT","0","0"
"308","EDGE","599","EDGE","147.89318935167816","true","111.11531380032298","114.48026179472768","0.0","2310.0","true","0.0","0.0","INIT","8","0"
"599","EDGE","308","EDGE","147.89318935167816","true","111.11531380032298","114.48026179472768","0.0","2310.0","true","0.0","0.0","INIT","8","0"
"292","EDGE","425","EDGE","9.730449378241243","true","87.4790082585003","95.98026179472768","0.0","8085.0","true","0.0","0.0","INIT","20","0"
"425","EDGE","292","EDGE","9.730449378241243","true","87.4790082585003","95.98026179472768","0.0","8085.0","true","0.0","0.0","INIT","20","0"
"125","EDGE","515","EDGE","15.042556938201939","true","91.26278358685315","95.98026179472768","0.0","8085.0","true","0.0","0.0","INIT","20","0"
"515","EDGE","125","EDGE","15.042556938201939","true","91.26278358685315","95.98026179472768","0.0","8085.0","true","0.0","0.0","INIT","20","0"
"125","EDGE","472","EDGE","94.80727920670836","true","107.25318397235664","107.48026179472768","0.0","3850.0","true","0.0","0.0","INIT","12","0"
"472","EDGE","125","EDGE","94.80727920670836","true","107.25318397235664","107.48026179472768","0.0","3850.0","true","0.0","0.0","INIT","12","0"
"125","EDGE","495","EDGE","100.66198004532093","true","107.77365968263622","109.48026179472768","0.0","3080.0","true","0.0","0.0","INIT","11","0"
"495","EDGE","125","EDGE","100.66198004532093","true","107.77365968263622","109.48026179472768","0.0","3080.0","true","0.0","0.0","INIT","11","0"
"125","EDGE","405","EDGE","185.87502308093966","true","113.10077101536473","118.78026179472769","0.0","1252.0","true","0.0","0.0","INIT","4","0"
"405","EDGE","125","EDGE","185.87502308093966","true","113.10077101536473","118.78026179472769","0.0","1252.0","true","0.0","0.0","INIT","4","0"
"91","EDGE","95","EDGE","89.40363171811171","true","106.74345352397364","107.48026179472768","0.0","3850.0","true","0.0","0.0","INIT","12","0"
"95","EDGE","91","EDGE","89.40363171811171","true","106.74345352397364","107.48026179472768","0.0","3850.0","true","0.0","0.0","INIT","12","0"
"91","EDGE","111","EDGE","101.68350824471497","true","107.86136073946145","109.48026179472768","0.0","3080.0","true","0.0","0.0","INIT","11","0"
"111","EDGE","91","EDGE","101.68350824471497","true","107.86136073946145","109.48026179472768","0.0","3080.0","true","0.0","0.0","INIT","11","0"
"91","EDGE","164","EDGE","131.19223427696167","true","110.0745128742961","113.48026179472768","0.0","2503.0","true","0.0","0.0","INIT","9","0"
"164","EDGE","91","EDGE","131.19223427696167","true","110.0745128742961","113.48026179472768","0.0","2503.0","true","0.0","0.0","INIT","9","0"
"82","EDGE","369","EDGE","22.00340144502085","true","94.56614675411232","95.98026179472768","0.0","8085.0","true","0.0","0.0","INIT","20","0"
"369","EDGE","82","EDGE","22.00340144502085","true","94.56614675411232","95.98026179472768","0.0","8085.0","true","0.0","0.0","INIT","20","0"
"82","EDGE","511","EDGE","82.31707883484219","true","106.02614931280715","107.48026179472768","0.0","3850.0","true","0.0","0.0","INIT","12","0"
"511","EDGE","82","EDGE","82.31707883484219","true","106.02614931280715","107.48026179472768","0.0","3850.0","true","0.0","0.0","INIT","12","0"
"82","EDGE","180","EDGE","84.26871483615419","true","106.22967771901915","107.48026179472768","0.0","3850.0","true","0.0","0.0","INIT","12","0"
"180","EDGE","82","EDGE","84.26871483615419","true","106.22967771901915","107.48026179472768","0.0","3850.0","true","0.0","0.0","INIT","12","0"
"82","EDGE","294","EDGE","89.79041617344566","true","106.78094999609064","107.48026179472768","0.0","3850.0","true","0.0","0.0","INIT","12","0"
"294","EDGE","82","EDGE","89.79041617344566","true","106.78094999609064","107.48026179472768","0.0","3850.0","true","0.0","0.0","INIT","12","0"
"82","EDGE","522","EDGE","104.87851989564221","true","108.1300813005691","109.48026179472768","0.0","3080.0","true","0.0","0.0","INIT","11","0"
"522","EDGE","82","EDGE","104.87851989564221","true","108.1300813005691","109.48026179472768","0.0","3080.0","true","0.0","0.0","INIT","11","0"
"82","EDGE","267","EDGE","162.21354927097659","true","111.9180928435111","117.48026179472768","0.0","1348.0","true","0.0","0.0","INIT","5","0"
"267","EDGE","82","EDGE","162.21354927097659","true","111.9180928435111","117.48026179472768","0.0","1348.0","true","0.0","0.0","INIT","5","0"
"205","EDGE","259","EDGE","16.888467056429672","true","92.26815492681058","95.98026179472768","0.0","8085.0","true","0.0","0.0","INIT","20","0"
"259","EDGE","205","EDGE","16.888467056429672","true","92.26815492681058","95.98026179472768","0.0","8085.0","true","0.0","0.0","INIT","20","0"
"205","EDGE","246","EDGE","66.53677126662832","true","104.17758475951507","105.1802617947277","0.0","5005.0","true","0.0","0.0","INIT","14","0"
"246","EDGE","205","EDGE","66.53677126662832","true","104.17758475951507","105.1802617947277","0.0","5005.0","true","0.0","0.0","INIT","14","0"
"205","EDGE","409","EDGE","139.9808769155457","true","110.63772450300387","114.48026179472768","0.0","2310.0","true","0.0","0.0","INIT","8","0"
"409","EDGE","205","EDGE","139.9808769155457","true","110.63772450300387","114.48026179472768","0.0","2310.0","true","0.0","0.0","INIT","8","0"
"205","EDGE","507","EDGE","157.2858197597973","true","111.6501417100091","117.48026179472768","0.0","1348.0","true","0.0","0.0","INIT","5","0"
"507","EDGE","205","EDGE","157.2858197597973","true","111.6501417100091","117.48026179472768","0.0","1348.0","true","0.0","0.0","INIT","5","0"
"205","EDGE","412","EDGE","212.01128980425057","true","114.24353006903172","119.48026179472768","0.0","1155.0","true","0.0","0.0","INIT","3","0"
"412","EDGE","205","EDGE","212.01128980425057","true","114.24353006903172","119.48026179472768","0.0","1155.0","true","0.0","0.0","INIT","3","0"
"205","EDGE","450","EDGE","255.089392784002","true","115.85019830621442","120.98026179472768","0.0","962.0","true","0.0","0.0","INIT","2","0"
"450","EDGE","205","EDGE","255.089392784002","true","115.85019830621442","120.98026179472768","0.0","962.0","true","0.0","0.0","INIT","2","0"
"162","EDGE","260","EDGE","19.088269151269362","true","93.33168130766815","95.98026179472768","0.0","8085.0","true","0.0","0.0","INIT","20","0"
"260","EDGE","162","EDGE","19.088269151269362","true","93.33168130766815","95.98026179472768","0.0","8085.0","true","0.0","0.0","INIT","20","0"
"162","EDGE","409","EDGE","94.40682118914887","true","107.21641779762231","107.48026179472768","0.0","3850.0","true","0.0","0.0","INIT","12","0"
"409","EDGE","162","EDGE","94.40682118914887","true","107.21641779762231","107.48026179472768","0.0","3850.0","true","0.0","0.0","INIT","12","0"
"201","EDGE","398","EDGE","20.382267389828698","true","93.90140020001618","95.98026179472768","0.0","8085.0","true","0.0","0.0","INIT","20","0"
"398","EDGE","201","EDGE","20.382267389828698","true","93.90140020001618","95.98026179472768","0.0","8085.0","true","0.0","0.0","INIT","20","0"
"211","EDGE","392","EDGE","60.432547319822184","true","103.34176832177359","105.1802617947277","0.0","5005.0","true","0.0","0.0","INIT","14","0"
"392","EDGE","211","EDGE","60.432547319822184","true","103.34176832177359","105.1802617947277","0.0","5005.0","true","0.0","0.0","INIT","14","0"
"211","EDGE","219","EDGE","63.816658589371734","true","103.81503152610348","105.1802617947277","0.0","5005.0","true","0.0","0.0","INIT","14","0"
"219","EDGE","211","EDGE","63.816658589371734","true","103.81503152610348","105.1802617947277","0.0","5005.0","true","0.0","0.0","INIT","14","0"
"211","EDGE","580","EDGE","64.58338539087518","true","103.91876643665023","105.1802617947277","0.0","5005.0","true","0.0","0.0","INIT","14","0"
"580","EDGE","211","EDGE","64.58338539087518","true","103.91876643665023","105.1802617947277","0.0","5005.0","true","0.0","0.0","INIT","14","0"
"211","EDGE","298","EDGE","69.82807270926621","true","104.59695141530409","106.1802617947277","0.0","4620.0","true","0.0","0.0","INIT","13","0"
"298","EDGE","211","EDGE","69.82807270926621","true","104.59695141530409","106.1802617947277","0.0","4620.0","true","0.0","0.0","INIT","13","0"
"211","EDGE","432","EDGE","114.57070002481491","true","108.89782163884188","112.48026179472768","0.0","2695.0","true","0.0","0.0","INIT","10","0"
"432","EDGE","211","EDGE","114.57070002481491","true","108.89782163884188","112.48026179472768","0.0","2695.0","true","0.0","0.0","INIT","10","0"
"375","EDGE","409","EDGE","166.41342615357195","true","112.14011754687732","117.48026179472768","0.0","1348.0","true","0.0","0.0","INIT","5","0"
"409","EDGE","375","EDGE","166.41342615357195","true","112.14011754687732","117.48026179472768","0.0","1348.0","true","0.0","0.0","INIT","5","0"
"375","EDGE","450","EDGE","281.21036481891394","true","116.69697678256402","122.48026179472768","0.0","770.0","true","0.0","0.0","INIT","1","0"
"450","EDGE","375","EDGE","281.21036481891394","true","116.69697678256402","122.48026179472768","0.0","770.0","true","0.0","0.0","INIT","1","0"
"115","EDGE","194","EDGE","7.208684978811004","true","84.87347124959132","95.98026179472768","0.0","8085.0","true","0.0","0.0","INIT","20","0"
"194","EDGE","115","EDGE","7.208684978811004","true","84.87347124959132","95.98026179472768","0.0","8085.0","true","0.0","0.0","INIT","20","0"
"115","EDGE","137","EDGE","19.381160639644932","true","93.46394593004973","95.98026179472768","0.0","8085.0","true","0.0","0.0","INIT","20","0"
"137","EDGE","115","EDGE","19.381160639644932","true","93.46394593004973","95.98026179472768","0.0","8085.0","true","0.0","0.0","INIT","20","0"
"115","EDGE","256","EDGE","56.47556873106509","true","102.75356256879257","103.48026179472768","0.0","5390.0","true","0.0","0.0","INIT","15","0"
"256","EDGE","115","EDGE","56.47556873106509","true","102.75356256879257","103.48026179472768","0.0","5390.0","true","0.0","0.0","INIT","15","0"
"115","EDGE","195","EDGE","78.41957626659698","true","105.60484013215495","107.48026179472768","0.0","3850.0","true","0.0","0.0","INIT","12","0"
"195","EDGE","115","EDGE","78.41957626659698","true","105.60484013215495","107.48026179472768","0.0","3850.0","true","0.0","0.0","INIT","12","0"
"115","EDGE","506","EDGE","92.05951315780956","true","106.99772378352391","107.48026179472768","0.0","3850.0","true","0.0","0.0","INIT","12","0"
"506","EDGE","115","EDGE","92.05951315780956","true","106.99772378352391","107.48026179472768","0.0","3850.0","true","0.0","0.0","INIT","12","0"
"239","EDGE","534","EDGE","96.00342798462405","true","107.3620851187036","107.48026179472768","0.0","3850.0","true","0.0","0.0","INIT","12","0"
"534","EDGE","239","EDGE","96.00342798462405","true","107.3620851187036","107.48026179472768","0.0","3850.0","true","0.0","0.0","INIT","12","0"
"239","EDGE","376","EDGE","105.59171634231508","true","108.18894728986402","109.48026179472768","0.0","3080.0","true","0.0","0.0","INIT","11","0"
"376","EDGE","239","EDGE","105.59171634231508","true","108.18894728986402","109.48026179472768","0.0","3080.0","true","0.0","0.0","INIT","11","0"
"46","EDGE","87","EDGE","8.989334227662859","true","86.79090086620394","95.98026179472768","0.0","8085.0","true","0.0","0.0","INIT","20","0"
"87","EDGE","46","EDGE","8.989334227662859","true","86.79090086620394","95.98026179472768","0.0","8085.0","true","0.0","0.0","INIT","20","0"
"46","EDGE","365","EDGE","25.676749546186546","true","95.90715120542544","95.98026179472768","0.0","8085.0","true","0.0","0.0","INIT","20","0"
"365","EDGE","46","EDGE","25.676749546186546","true","95.90715120542544","95.98026179472768","0.0","8085.0","true","0.0","0.0","INIT","20","0"
"46","EDGE","434","EDGE","73.87177220692378","true","105.0859206663272","106.1802617947277","0.0","4620.0","true","0.0","0.0","INIT","13","0"
"434","EDGE","46","EDGE","73.87177220692378","true","105.0859206663272","106.1802617947277","0.0","4620.0","true","0.0","0.0","INIT","13","0"
"330","EDGE","576","EDGE","121.55179031761313","true","109.41157750385938","112.48026179472768","0.0","2695.0","true","0.0","0.0","INIT","10","0"
"576","EDGE","330","EDGE","121.55179031761313","true","109.41157750385938","112.48026179472768","0.0","2695.0","true","0.0","0.0","INIT","10","0"
"330","EDGE","523","EDGE","140.3060613771824","true","110.65787897491958","114.48026179472768","0.0","2310.0","true","0.0","0.0","INIT","8","0"
"523","EDGE","330","EDGE","140.3060613771824","true","110.65787897491958","114.48026179472768","0.0","2310.0","true","0.0","0.0","INIT","8","0"
"330","EDGE","454","EDGE","331.2408169911302","true","118.11922724899841","122.48026179472768","0.0","770.0","true","0.0","0.0","INIT","1","0"
"454","EDGE","330","EDGE","331.2408169911302","true","118.11922724899841","122.48026179472768","0.0","770.0","true","0.0","0.0","INIT","1","0"
"330","EDGE","586","EDGE","413.8536356593111","true","120.05328580182945","124.38026179472769","0.0","385.0","true","0.0","0.0","INIT","0","0"
"586","EDGE","330","EDGE","413.8536356593111","true","120.05328580182945","124.38026179472769","0.0","385.0","true","0.0","0.0","INIT","0","0"
"443","EDGE","477","EDGE","77.27071904789123","true","105.47664937860728","106.1802617947277","0.0","4620.0","true","0.0","0.0","INIT","13","0"
"477","EDGE","443","EDGE","77.27071904789123","true","105.47664937860728","106.1802617947277","0.0","4620.0","true","0.0","0.0","INIT","13","0"
"443","EDGE","481","EDGE","86.02881343650097","true","106.40922896378626","107.48026179472768","0.0","3850.0","true","0.0","0.0","INIT","12","0"
"481","EDGE","443","EDGE","86.02881343650097","true","106.40922896378626","107.48026179472768","0.0","3850.0","true","0.0","0.0","INIT","12","0"
"17","EDGE","144","EDGE","94.30408773546947","true","107.20696067048499","107.48026179472768","0.0","3850.0","true","0.0","0.0","INIT","12","0"
"144","EDGE","17","EDGE","94.30408773546947","true","107.20696067048499","107.48026179472768","0.0","3850.0","true","0.0","0.0","INIT","12","0"
"17","EDGE","126","EDGE","133.0432596279145","true","110.19620784177373","113.48026179472768","0.0","2503.0","true","0.0","0.0","INIT","9","0"
"126","EDGE","17","EDGE","133.0432596279145","true","110.19620784177373","113.48026179472768","0.0","2503.0","true","0.0","0.0","INIT","9","0"
"256","EDGE","368","EDGE","12.784538172081655","true","89.8500511905371","95.98026179472768","0.0","8085.0","true","0.0","0.0","INIT","20","0"
"368","EDGE","256","EDGE","12.784538172081655","true","89.8500511905371","95.98026179472768","0.0","8085.0","true","0.0","0.0","INIT","20","0"
"489","EDGE","577","EDGE","18.55765093502705","true","93.08681033596595","95.98026179472768","0.0","8085.0","true","0.0","0.0","INIT","20","0"
"577","EDGE","489","EDGE","18.55765093502705","true","93.08681033596595","95.98026179472768","0.0","8085.0","true","0.0","0.0","INIT","20","0"
"508","EDGE","599","EDGE","12.152722506382576","true","89.40982193410179","95.98026179472768","0.0","8085.0","true","0.0","0.0","INIT","20","0"
"599","EDGE","508","EDGE","12.152722506382576","true","89.40982193410179","95.98026179472768","0.0","8085.0","true","0.0","0.0","INIT","20","0"
"264","EDGE","357","EDGE","9.064585285117957","true","86.86330909478511","95.98026179472768","0.0","8085.0","true","0.0","0.0","INIT","20","0"
"357","EDGE","264","EDGE","9.064585285117957","true","86.86330909478511","95.98026179472768","0.0","8085.0","true","0.0","0.0","INIT","20","0"
"60","EDGE","182","EDGE","71.92642363473901","true","104.85411963836121","106.1802617947277","0.0","4620.0","true","0.0","0.0","INIT","13","0"
"182","EDGE","60","EDGE","71.92642363473901","true","104.85411963836121","106.1802617947277","0.0","4620.0","true","0.0","0.0","INIT","13","0"
"343","EDGE","414","EDGE","12.739633412407175","true","89.81948893014216","95.98026179472768","0.0","8085.0","true","0.0","0.0","INIT","20","0"
"414","EDGE","343","EDGE","12.739633412407175","true","89.81948893014216","95.98026179472768","0.0","8085.0","true","0.0","0.0","INIT","20","0"
"343","EDGE","578","EDGE","17.053314179280868","true","92.35252617206885","95.98026179472768","0.0","8085.0","true","0.0","0.0","INIT","20","0"
"578","EDGE","343","EDGE","17.053314179280868","true","92.35252617206885","95.98026179472768","0.0","8085.0","true","0.0","0.0","INIT","20","0"
"343","EDGE","503","EDGE","255.34162624454262","true","115.85878270684032","120.98026179472768","0.0","962.0","true","0.0","0.0","INIT","2","0"
"503","EDGE","343","EDGE","255.34162624454262","true","115.85878270684032","120.98026179472768","0.0","962.0","true","0.0","0.0","INIT","2","0"
"343","EDGE","518","EDGE","276.2891293914445","true","116.5436262645225","122.48026179472768","0.0","770.0","true","0.0","0.0","INIT","1","0"
"518","EDGE","343","EDGE","276.2891293914445","true","116.5436262645225","122.48026179472768","0.0","770.0","true","0.0","0.0","INIT","1","0"
"88","EDGE","595","EDGE","4.698094198021427","true","81.15478471114244","95.98026179472768","0.0","8085.0","true","0.0","0.0","INIT","20","0"
"595","EDGE","88","EDGE","4.698094198021427","true","81.15478471114244","95.98026179472768","0.0","8085.0","true","0.0","0.0","INIT","20","0"
"88","EDGE","319","EDGE","20.085224668162518","true","93.77388418622535","95.98026179472768","0.0","8085.0","true","0.0","0.0","INIT","20","0"
"319","EDGE","88","EDGE","20.085224668162518","true","93.77388418622535","95.98026179472768","0.0","8085.0","true","0.0","0.0","INIT","20","0"
"487","EDGE","574","EDGE","18.00132735343924","true","92.82244089828731","95.98026179472768","0.0","8085.0","true","0.0","0.0","INIT","20","0"
"574","EDGE","487","EDGE","18.00132735343924","true","92.82244089828731","95.98026179472768","0.0","8085.0","true","0.0","0.0","INIT","20","0"
"487","EDGE","509","EDGE","52.725390386254304","true","102.1567463862234","103.48026179472768","0.0","5390.0","true","0.0","0.0","INIT","15","0"
"509","EDGE","487","EDGE","52.725390386254304","true","102.1567463862234","103.48026179472768","0.0","5390.0","true","0.0","0.0","INIT","15","0"
"487","EDGE","536","EDGE","154.28869930068","true","111.48303266270617","117.48026179472768","0.0","1348.0","true","0.0","0.0","INIT","5","0"
"536","EDGE","487","EDGE","154.28869930068","true","111.48303266270617","117.48026179472768","0.0","1348.0","true","0.0","0.0","INIT","5","0"
"478","EDGE","515","EDGE","23.92086696450683","true","95.29188862111963","95.98026179472768","0.0","8085.0","true","0.0","0.0","INIT","20","0"
"515","EDGE","478","EDGE","23.92086696450683","true","95.29188862111963","95.98026179472768","0.0","8085.0","true","0.0","0.0","INIT","20","0"
"410","EDGE","417","EDGE","5.677619704525397","true","82.79967629557693","95.98026179472768","0.0","8085.0","true","0.0","0.0","INIT","20","0"
"417","EDGE","410","EDGE","5.677619704525397","true","82.79967629557693","95.98026179472768","0.0","8085.0","true","0.0","0.0","INIT","20","0"
"250","EDGE","484","EDGE","9.491072399031442","true","87.26265603139097","95.98026179472768","0.0","8085.0","true","0.0","0.0","INIT","20","0"
"484","EDGE","250","EDGE","9.491072399031442","true","87.26265603139097","95.98026179472768","0.0","8085.0","true","0.0","0.0","INIT","20","0"
"250","EDGE","569","EDGE","58.99088491451335","true","103.13204852644776","103.48026179472768","0.0","5390.0","true","0.0","0.0","INIT","15","0"
"569","EDGE","250","EDGE","58.99088491451335","true","103.13204852644776","103.48026179472768","0.0","5390.0","true","0.0","0.0","INIT","15","0"
"463","EDGE","473","EDGE","70.91736951765388","true","104.73140267186156","106.1802617947277","0.0","4620.0","true","0.0","0.0","INIT","13","0"
"473","EDGE","463","EDGE","70.91736951765388","true","104.73140267186156","106.1802617947277","0.0","4620.0","true","0.0","0.0","INIT","13","0"
"192","EDGE","519","EDGE","9.621844543874202","true","87.38151702436984","95.98026179472768","0.0","8085.0","true","0.0","0.0","INIT","20","0"
"519","EDGE","192","EDGE","9.621844543874202","true","87.38151702436984","95.98026179472768","0.0","8085.0","true","0.0","0.0","INIT","20","0"
"192","EDGE","488","EDGE","53.47922187138792","true","102.28005189825873","103.48026179472768","0.0","5390.0","true","0.0","0.0","INIT","15","0"
"488","EDGE","192","EDGE","53.47922187138792","true","102.28005189825873","103.48026179472768","0.0","5390.0","true","0.0","0.0","INIT","15","0"
"192","EDGE","270","EDGE","89.85652172893944","true","106.78734237429762","107.48026179472768","0.0","3850.0","true","0.0","0.0","INIT","12","0"
"270","EDGE","192","EDGE","89.85652172893944","true","106.78734237429762","107.48026179472768","0.0","3850.0","true","0.0","0.0","INIT","12","0"
"192","EDGE","470","EDGE","96.7283723565098","true","107.42742790586385","107.48026179472768","0.0","3850.0","true","0.0","0.0","INIT","12","0"
"470","EDGE","192","EDGE","96.7283723565098","true","107.42742790586385","107.48026179472768","0.0","3850.0","true","0.0","0.0","INIT","12","0"
"116","EDGE","374","EDGE","123.41864881201855","true","109.54396605512328","113.48026179472768","0.0","2503.0","true","0.0","0.0","INIT","9","0"
"374","EDGE","116","EDGE","123.41864881201855","true","109.54396605512328","113.48026179472768","0.0","2503.0","true","0.0","0.0","INIT","9","0"
"346","EDGE","493","EDGE","110.84929416744406","true","108.61100894800776","112.48026179472768","0.0","2695.0","true","0.0","0.0","INIT","10","0"
"493","EDGE","346","EDGE","110.84929416744406","true","108.61100894800776","112.48026179472768","0.0","2695.0","true","0.0","0.0","INIT","10","0"
"396","EDGE","417","EDGE","17.048584385724986","true","92.35011677747033","95.98026179472768","0.0","8085.0","true","0.0","0.0","INIT","20","0"
"417","EDGE","396","EDGE","17.048584385724986","true","92.35011677747033","95.98026179472768","0.0","8085.0","true","0.0","0.0","INIT","20","0"
"396","EDGE","410","EDGE","20.91727208753837","true","94.12645121930204","95.98026179472768","0.0","8085.0","true","0.0","0.0","INIT","20","0"
"410","EDGE","396","EDGE","20.91727208753837","true","94.12645121930204","95.98026179472768","0.0","8085.0","true","0.0","0.0","INIT","20","0"
"494","EDGE","521","EDGE","82.12362539960104","true","106.005712572748","107.48026179472768","0.0","3850.0","true","0.0","0.0","INIT","12","0"
"521","EDGE","494","EDGE","82.12362539960104","true","106.005712572748","107.48026179472768","0.0","3850.0","true","0.0","0.0","INIT","12","0"
"295","EDGE","559","EDGE","160.26449373216488","true","111.81309662549316","117.48026179472768","0.0","1348.0","true","0.0","0.0","INIT","5","0"
"559","EDGE","295","EDGE","160.26449373216488","true","111.81309662549316","117.48026179472768","0.0","1348.0","true","0.0","0.0","INIT","5","0"
"44","EDGE","401","EDGE","20.777484766721543","true","94.06820975767776","95.98026179472768","0.0","8085.0","true","0.0","0.0","INIT","20","0"
"401","EDGE","44","EDGE","20.777484766721543","true","94.06820975767776","95.98026179472768","0.0","8085.0","true","0.0","0.0","INIT","20","0"
"44","EDGE","438","EDGE","90.41766316591537","true","106.84141587724801","107.48026179472768","0.0","3850.0","true","0.0","0.0","INIT","12","0"
"438","EDGE","44","EDGE","90.41766316591537","true","106.84141587724801","107.48026179472768","0.0","3850.0","true","0.0","0.0","INIT","12","0"
"44","EDGE","185","EDGE","136.0625991174523","true","110.39112556130968","113.48026179472768","0.0","2503.0","true","0.0","0.0","INIT","9","0"
"185","EDGE","44","EDGE","136.0625991174523","true","110.39112556130968","113.48026179472768","0.0","2503.0","true","0.0","0.0","INIT","9","0"
"44","EDGE","521","EDGE","174.40999283148324","true","112.54777759097841","117.48026179472768","0.0","1348.0","true","0.0","0.0","INIT","5","0"
"521","EDGE","44","EDGE","174.40999283148324","true","112.54777759097841","117.48026179472768","0.0","1348.0","true","0.0","0.0","INIT","5","0"
"355","EDGE","448","EDGE","15.935893558161265","true","91.76387871165431","95.98026179472768","0.0","8085.0","true","0.0","0.0","INIT","20","0"
"448","EDGE","355","EDGE","15.935893558161265","true","91.76387871165431","95.98026179472768","0.0","8085.0","true","0.0","0.0","INIT","20","0"
"83","EDGE","416","EDGE","23.32407137156882","true","95.07243754000811","95.98026179472768","0.0","8085.0","true","0.0","0.0","INIT","20","0"
"416","EDGE","83","EDGE","23.32407137156882","true","95.07243754000811","95.98026179472768","0.0","8085.0","true","0.0","0.0","INIT","20","0"
"83","EDGE","327","EDGE","56.43345925793164","true","102.74708375554218","103.48026179472768","0.0","5390.0","true","0.0","0.0","INIT","15","0"
"327","EDGE","83","EDGE","56.43345925793164","true","102.74708375554218","103.48026179472768","0.0","5390.0","true","0.0","0.0","INIT","15","0"
"83","EDGE","535","EDGE","67.19414187835523","true","104.26297854679765","106.1802617947277","0.0","4620.0","true","0.0","0.0","INIT","13","0"
"535","EDGE","83","EDGE","67.19414187835523","true","104.26297854679765","106.1802617947277","0.0","4620.0","true","0.0","0.0","INIT","13","0"
"83","EDGE","486","EDGE","108.33494834267982","true","108.41172191773695","109.48026179472768","0.0","3080.0","true","0.0","0.0","INIT","11","0"
"486","EDGE","83","EDGE","108.33494834267982","true","108.41172191773695","109.48026179472768","0.0","3080.0","true","0.0","0.0","INIT","11","0"
"169","EDGE","362","EDGE","56.09876712928217","true","102.6954166454631","103.48026179472768","0.0","5390.0","true","0.0","0.0","INIT","15","0"
"362","EDGE","169","EDGE","56.09876712928217","true","102.6954166454631","103.48026179472768","0.0","5390.0","true","0.0","0.0","INIT","15","0"
"169","EDGE","359","EDGE","155.69317760869404","true","111.56174195488722","117.48026179472768","0.0","1348.0","true","0.0","0.0","INIT","5","0"
"359","EDGE","169","EDGE","155.69317760869404","true","111.56174195488722","117.48026179472768","0.0","1348.0","true","0.0","0.0","INIT","5","0"
"169","EDGE","296","EDGE","179.1604468171817","true","112.78119304385214","118.78026179472769","0.0","1252.0","true","0.0","0.0","INIT","4","0"
"296","EDGE","169","EDGE","179.1604468171817","true","112.78119304385214","118.78026179472769","0.0","1252.0","true","0.0","0.0","INIT","4","0"
"169","EDGE","274","EDGE","190.8139436484757","true","113.3285524544748","118.78026179472769","0.0","1252.0","true","0.0","0.0","INIT","4","0"
"274","EDGE","169","EDGE","190.8139436484757","true","113.3285524544748","118.78026179472769","0.0","1252.0","true","0.0","0.0","INIT","4","0"
"130","EDGE","482","EDGE","20.14247779820059","true","93.79860817860992","95.98026179472768","0.0","8085.0","true","0.0","0.0","INIT","20","0"
"482","EDGE","130","EDGE","20.14247779820059","true","93.79860817860992","95.98026179472768","0.0","8085.0","true","0.0","0.0","INIT","20","0"
"263","EDGE","445","EDGE","119.39358678922835","true","109.25597029317895","112.48026179472768","0.0","2695.0","true","0.0","0.0","INIT","10","0"
"445","EDGE","263","EDGE","119.39358678922835","true","109.25597029317895","112.48026179472768","0.0","2695.0","true","0.0","0.0","INIT","10","0"
"263","EDGE","406","EDGE","119.72168194750333","true","109.27980649685655","112.48026179472768","0.0","2695.0","true","0.0","0.0","INIT","10","0"
"406","EDGE","263","EDGE","119.72168194750333","true","109.27980649685655","112.48026179472768","0.0","2695.0","true","0.0","0.0","INIT","10","0"
"263","EDGE","306","EDGE","123.63141416912666","true","109.55892704598682","113.48026179472768","0.0","2503.0","true","0.0","0.0","INIT","9","0"
"306","EDGE","263","EDGE","123.63141416912666","true","109.55892704598682","113.48026179472768","0.0","2503.0","true","0.0","0.0","INIT","9","0"
"154","EDGE","444","EDGE","73.53291942578834","true","105.04598648224702","106.1802617947277","0.0","4620.0","true","0.0","0.0","INIT","13","0"
"444","EDGE","154","EDGE","73.53291942578834","true","105.04598648224702","106.1802617947277","0.0","4620.0","true","0.0","0.0","INIT","13","0"
"182","EDGE","297","EDGE","60.11172347521038","true","103.29553390401466","105.1802617947277","0.0","5005.0","true","0.0","0.0","INIT","14","0"
"297","EDGE","182","EDGE","60.11172347521038","true","103.29553390401466","105.1802617947277","0.0","5005.0","true","0.0","0.0","INIT","14","0"
"222","EDGE","514","EDGE","25.855506750305448","true","95.96741138754378","95.98026179472768","0.0","8085.0","true","0.0","0.0","INIT","20","0"
"514","EDGE","222","EDGE","25.855506750305448","true","95.96741138754378","95.98026179472768","0.0","8085.0","true","0.0","0.0","INIT","20","0"
"335","EDGE","533","EDGE","10.173787979293415","true","87.8660039609347","95.98026179472768","0.0","8085.0","true","0.0","0.0","INIT","20","0"
"533","EDGE","335","EDGE","10.173787979293415","true","87.8660039609347","95.98026179472768","0.0","8085.0","true","0.0","0.0","INIT","20","0"
"335","EDGE","404","EDGE","108.45911437905984","true","108.42167138400166","109.48026179472768","0.0","3080.0","true","0.0","0.0","INIT","11","0"
"404","EDGE","335","EDGE","108.45911437905984","true","108.42167138400166","109.48026179472768","0.0","3080.0","true","0.0","0.0","INIT","11","0"
"335","EDGE","447","EDGE","159.31395491345265","true","111.7614266855565","117.48026179472768","0.0","1348.0","true","0.0","0.0","INIT","5","0"
"447","EDGE","335","EDGE","159.31395491345265","true","111.7614266855565","117.48026179472768","0.0","1348.0","true","0.0","0.0","INIT","5","0"
"254","EDGE","395","EDGE","56.861449433060635","true","102.81270882473852","103.48026179472768","0.0","5390.0","true","0.0","0.0","INIT","15","0"
"395","EDGE","254","EDGE","56.861449433060635","true","102.81270882473852","103.48026179472768","0.0","5390.0","true","0.0","0.0","INIT","15","0"
"254","EDGE","434","EDGE","94.34433628388571","true","107.21066697714255","107.48026179472768","0.0","3850.0","true","0.0","0.0","INIT","12","0"
"434","EDGE","254","EDGE","94.34433628388571","true","107.21066697714255","107.48026179472768","0.0","3850.0","true","0.0","0.0","INIT","12","0"
"254","EDGE","468","EDGE","97.00820551051895","true","107.45251972497073","107.48026179472768","0.0","3850.0","true","0.0","0.0","INIT","12","0"
"468","EDGE","254","EDGE","97.00820551051895","true","107.45251972497073","107.48026179472768","0.0","3850.0","true","0.0","0.0","INIT","12","0"
"254","EDGE","316","EDGE","140.07009712467337","true","110.64325890200992","114.48026179472768","0.0","2310.0","true","0.0","0.0","INIT","8","0"
"316","EDGE","254","EDGE","140.07009712467337","true","110.64325890200992","114.48026179472768","0.0","2310.0","true","0.0","0.0","INIT","8","0"
"386","EDGE","410","EDGE","5.979884108987383","true","83.25020565380945","95.98026179472768","0.0","8085.0","true","0.0","0.0","INIT","20","0"
"410","EDGE","386","EDGE","5.979884108987383","true","83.25020565380945","95.98026179472768","0.0","8085.0","true","0.0","0.0","INIT","20","0"
"386","EDGE","417","EDGE","10.661800349772353","true","88.27296122168615","95.98026179472768","0.0","8085.0","true","0.0","0.0","INIT","20","0"
"417","EDGE","386","EDGE","10.661800349772353","true","88.27296122168615","95.98026179472768","0.0","8085.0","true","0.0","0.0","INIT","20","0"
"170","EDGE","470","EDGE","108.0642910883525","true","108.38999448216121","109.48026179472768","0.0","3080.0","true","0.0","0.0","INIT","11","0"
"470","EDGE","170","EDGE","108.0642910883525","true","108.38999448216121","109.48026179472768","0.0","3080.0","true","0.0","0.0","INIT","11","0"
"170","EDGE","519","EDGE","108.96387065922748","true","108.46200074678086","109.48026179472768","0.0","3080.0","true","0.0","0.0","INIT","11","0"
"519","EDGE","170","EDGE","108.96387065922748","true","108.46200074678086","109.48026179472768","0.0","3080.0","true","0.0","0.0","INIT","11","0"
"170","EDGE","192","EDGE","118.51828891655748","true","109.19205776251702","112.48026179472768","0.0","2695.0","true","0.0","0.0","INIT","10","0"
"192","EDGE","170","EDGE","118.51828891655748","true","109.19205776251702","112.48026179472768","0.0","2695.0","true","0.0","0.0","INIT","10","0"
"170","EDGE","270","EDGE","125.9187516146162","true","109.71815849316096","113.48026179472768","0.0","2503.0","true","0.0","0.0","INIT","9","0"
"270","EDGE","170","EDGE","125.9187516146162","true","109.71815849316096","113.48026179472768","0.0","2503.0","true","0.0","0.0","INIT","9","0"
"170","EDGE","488","EDGE","156.49554860563654","true","111.60639008397513","117.48026179472768","0.0","1348.0","true","0.0","0.0","INIT","5","0"
"488","EDGE","170","EDGE","156.49554860563654","true","111.60639008397513","117.48026179472768","0.0","1348.0","true","0.0","0.0","INIT","5","0"
"363","EDGE","502","EDGE","24.936518068317877","true","95.65306654703963","95.98026179472768","0.0","8085.0","true","0.0","0.0","INIT","20","0"
"502","EDGE","363","EDGE","24.936518068317877","true","95.65306654703963","95.98026179472768","0.0","8085.0","true","0.0","0.0","INIT","20","0"
"291","EDGE","509","EDGE","18.94413724676572","true","93.26584693494456","95.98026179472768","0.0","8085.0","true","0.0","0.0","INIT","20","0"
"509","EDGE","291","EDGE","18.94413724676572","true","93.26584693494456","95.98026179472768","0.0","8085.0","true","0.0","0.0","INIT","20","0"
"291","EDGE","574","EDGE","56.95392316561604","true","102.8268232065448","103.48026179472768","0.0","5390.0","true","0.0","0.0","INIT","15","0"
"574","EDGE","291","EDGE","56.95392316561604","true","102.8268232065448","103.48026179472768","0.0","5390.0","true","0.0","0.0","INIT","15","0"
"291","EDGE","487","EDGE","62.649490021525104","true","103.65470110833598","105.1802617947277","0.0","5005.0","true","0.0","0.0","INIT","14","0"
"487","EDGE","291","EDGE","62.649490021525104","true","103.65470110833598","105.1802617947277","0.0","5005.0","true","0.0","0.0","INIT","14","0"
"291","EDGE","455","EDGE","111.32859086271506","true","108.64848454695466","112.48026179472768","0.0","2695.0","true","0.0","0.0","INIT","10","0"
"455","EDGE","291","EDGE","111.32859086271506","true","108.64848454695466","112.48026179472768","0.0","2695.0","true","0.0","0.0","INIT","10","0"
"40","EDGE","343","EDGE","21.47754405776613","true","94.35604267808921","95.98026179472768","0.0","8085.0","true","0.0","0.0","INIT","20","0"
"343","EDGE","40","EDGE","21.47754405776613","true","94.35604267808921","95.98026179472768","0.0","8085.0","true","0.0","0.0","INIT","20","0"
"40","EDGE","503","EDGE","233.8814079335077","true","115.09626429750679","120.98026179472768","0.0","962.0","true","0.0","0.0","INIT","2","0"
"503","EDGE","40","EDGE","233.8814079335077","true","115.09626429750679","120.98026179472768","0.0","962.0","true","0.0","0.0","INIT","2","0"
"40","EDGE","518","EDGE","254.82615259788096","true","115.84123025090102","120.98026179472768","0.0","962.0","true","0.0","0.0","INIT","2","0"
"518","EDGE","40","EDGE","254.82615259788096","true","115.84123025090102","120.98026179472768","0.0","962.0","true","0.0","0.0","INIT","2","0"
"3","EDGE","520","EDGE","20.08243856569407","true","93.77267924789177","95.98026179472768","0.0","8085.0","true","0.0","0.0","INIT","20","0"
"520","EDGE","3","EDGE","20.08243856569407","true","93.77267924789177","95.98026179472768","0.0","8085.0","true","0.0","0.0","INIT","20","0"
"3","EDGE","325","EDGE","145.17168611563085","true","110.9539887267569","114.48026179472768","0.0","2310.0","true","0.0","0.0","INIT","8","0"
"325","EDGE","3","EDGE","145.17168611563085","true","110.9539887267569","114.48026179472768","0.0","2310.0","true","0.0","0.0","INIT","8","0"
"3","EDGE","231","EDGE","178.43472777145715","true","112.74593795854152","117.48026179472768","0.0","1348.0","true","0.0","0.0","INIT","5","0"
"231","EDGE","3","EDGE","178.43472777145715","true","112.74593795854152","117.48026179472768","0.0","1348.0","true","0.0","0.0","INIT","5","0"
"183","EDGE","597","EDGE","12.059821033959416","true","89.34316756586216","95.98026179472768","0.0","8085.0","true","0.0","0.0","INIT","20","0"
"597","EDGE","183","EDGE","12.059821033959416","true","89.34316756586216","95.98026179472768","0.0","8085.0","true","0.0","0.0","INIT","20","0"
"183","EDGE","406","EDGE","14.00917308816766","true","90.64460032976613","95.98026179472768","0.0","8085.0","true","0.0","0.0","INIT","20","0"
"406","EDGE","183","EDGE","14.00917308816766","true","90.64460032976613","95.98026179472768","0.0","8085.0","true","0.0","0.0","INIT","20","0"
"183","EDGE","232","EDGE","94.21068376713467","true","107.19835342320526","107.48026179472768","0.0","3850.0","true","0.0","0.0","INIT","12","0"
"232","EDGE","183","EDGE","94.21068376713467","true","107.19835342320526","107.48026179472768","0.0","3850.0","true","0.0","0.0","INIT","12","0"
"183","EDGE","263","EDGE","121.82886212812485","true","109.43135406525336","112.48026179472768","0.0","2695.0","true","0.0","0.0","INIT","10","0"
"263","EDGE","183","EDGE","121.82886212812485","true","109.43135406525336","112.48026179472768","0.0","2695.0","true","0.0","0.0","INIT","10","0"
"183","EDGE","500","EDGE","186.4593115898462","true","113.12803183553886","118.78026179472769","0.0","1252.0","true","0.0","0.0","INIT","4","0"
"500","EDGE","183","EDGE","186.4593115898462","true","113.12803183553886","118.78026179472769","0.0","1252.0","true","0.0","0.0","INIT","4","0"
"183","EDGE","268","EDGE","206.90796056973355","true","114.03189430655999","119.48026179472768","0.0","1155.0","true","0.0","0.0","INIT","3","0"
"268","EDGE","183","EDGE","206.90796056973355","true","114.03189430655999","119.48026179472768","0.0","1155.0","true","0.0","0.0","INIT","3","0"
"183","EDGE","407","EDGE","242.1641539371598","true","115.3985474589343","120.98026179472768","0.0","962.0","true","0.0","0.0","INIT","2","0"
"407","EDGE","183","EDGE","242.1641539371598","true","115.3985474589343","120.98026179472768","0.0","962.0","true","0.0","0.0","INIT","2","0"
"68","EDGE","320","EDGE","71.05008513514808","true","104.74764235926628","106.1802617947277","0.0","4620.0","true","0.0","0.0","INIT","13","0"
"320","EDGE","68","EDGE","71.05008513514808","true","104.74764235926628","106.1802617947277","0.0","4620.0","true","0.0","0.0","INIT","13","0"
"332","EDGE","407","EDGE","166.94459497787977","true","112.1677975629513","117.48026179472768","0.0","1348.0","true","0.0","0.0","INIT","5","0"
"407","EDGE","332","EDGE","166.94459497787977","true","112.1677975629513","117.48026179472768","0.0","1348.0","true","0.0","0.0","INIT","5","0"
"172","EDGE","193","EDGE","18.322842930057877","true","92.97620748000469","95.98026179472768","0.0","8085.0","true","0.0","0.0","INIT","20","0"
"193","EDGE","172","EDGE","18.322842930057877","true","92.97620748000469","95.98026179472768","0.0","8085.0","true","0.0","0.0","INIT","20","0"
"172","EDGE","412","EDGE","49.02985244018974","true","101.52556203018463","103.48026179472768","0.0","5390.0","true","0.0","0.0","INIT","15","0"
"412","EDGE","172","EDGE","49.02985244018974","true","101.52556203018463","103.48026179472768","0.0","5390.0","true","0.0","0.0","INIT","15","0"
"172","EDGE","388","EDGE","79.7770623994677","true","105.75391111434118","107.48026179472768","0.0","3850.0","true","0.0","0.0","INIT","12","0"
"388","EDGE","172","EDGE","79.7770623994677","true","105.75391111434118","107.48026179472768","0.0","3850.0","true","0.0","0.0","INIT","12","0"
"172","EDGE","246","EDGE","98.86494228962435","true","107.61719664990758","109.48026179472768","0.0","3080.0","true","0.0","0.0","INIT","11","0"
"246","EDGE","172","EDGE","98.86494228962435","true","107.61719664990758","109.48026179472768","0.0","3080.0","true","0.0","0.0","INIT","11","0"
"286","EDGE","517","EDGE","107.89811417211178","true","108.37662739043992","109.48026179472768","0.0","3080.0","true","0.0","0.0","INIT","11","0"
"517","EDGE","286","EDGE","107.89811417211178","true","108.37662739043992","109.48026179472768","0.0","3080.0","true","0.0","0.0","INIT","11","0"
"286","EDGE","575","EDGE","144.31733018755227","true","110.90272002618416","114.48026179472768","0.0","2310.0","true","0.0","0.0","INIT","8","0"
"575","EDGE","286","EDGE","144.31733018755227","true","110.90272002618416","114.48026179472768","0.0","2310.0","true","0.0","0.0","INIT","8","0"
"221","EDGE","575","EDGE","85.72359020469646","true","106.37835733647739","107.48026179472768","0.0","3850.0","true","0.0","0.0","INIT","12","0"
"575","EDGE","221","EDGE","85.72359020469646","true","106.37835733647739","107.48026179472768","0.0","3850.0","true","0.0","0.0","INIT","12","0"
"221","EDGE","252","EDGE","96.21999049318615","true","107.38165649933826","107.48026179472768","0.0","3850.0","true","0.0","0.0","INIT","12","0"
"252","EDGE","221","EDGE","96.21999049318615","true","107.38165649933826","107.48026179472768","0.0","3850.0","true","0.0","0.0","INIT","12","0"
"221","EDGE","517","EDGE","122.23825499020404","true","109.46049313646964","112.48026179472768","0.0","2695.0","true","0.0","0.0","INIT","10","0"
"517","EDGE","221","EDGE","122.23825499020404","true","109.46049313646964","112.48026179472768","0.0","2695.0","true","0.0","0.0","INIT","10","0"
"221","EDGE","286","EDGE","229.92703058640595","true","114.94815091857396","119.48026179472768","0.0","1155.0","true","0.0","0.0","INIT","3","0"
"286","EDGE","221","EDGE","229.92703058640595","true","114.94815091857396","119.48026179472768","0.0","1155.0","true","0.0","0.0","INIT","3","0"
"221","EDGE","429","EDGE","298.81836914116246","true","117.22449612967046","122.48026179472768","0.0","770.0","true","0.0","0.0","INIT","1","0"
"429","EDGE","221","EDGE","298.81836914116246","true","117.22449612967046","122.48026179472768","0.0","770.0","true","0.0","0.0","INIT","1","0"
"336","EDGE","493","EDGE","11.43197499121589","true","88.87877562047663","95.98026179472768","0.0","8085.0","true","0.0","0.0","INIT","20","0"
"493","EDGE","336","EDGE","11.43197499121589","true","88.87877562047663","95.98026179472768","0.0","8085.0","true","0.0","0.0","INIT","20","0"
"336","EDGE","536","EDGE","68.62521511783854","true","104.4460246828568","106.1802617947277","0.0","4620.0","true","0.0","0.0","INIT","13","0"
"536","EDGE","336","EDGE","68.62521511783854","true","104.4460246828568","106.1802617947277","0.0","4620.0","true","0.0","0.0","INIT","13","0"
"336","EDGE","557","EDGE","88.04634646265042","true","106.6105770934044","107.48026179472768","0.0","3850.0","true","0.0","0.0","INIT","12","0"
"557","EDGE","336","EDGE","88.04634646265042","true","106.6105770934044","107.48026179472768","0.0","3850.0","true","0.0","0.0","INIT","12","0"
"336","EDGE","346","EDGE","110.50981015262768","true","108.58436696273705","112.48026179472768","0.0","2695.0","true","0.0","0.0","INIT","10","0"
"346","EDGE","336","EDGE","110.50981015262768","true","108.58436696273705","112.48026179472768","0.0","2695.0","true","0.0","0.0","INIT","10","0"
"336","EDGE","441","EDGE","129.59898375371833","true","109.96838222703141","113.48026179472768","0.0","2503.0","true","0.0","0.0","INIT","9","0"
"441","EDGE","336","EDGE","129.59898375371833","true","109.96838222703141","113.48026179472768","0.0","2503.0","true","0.0","0.0","INIT","9","0"
"336","EDGE","574","EDGE","131.52702794072766","true","110.09665043942613","113.48026179472768","0.0","2503.0","true","0.0","0.0","INIT","9","0"
"574","EDGE","336","EDGE","131.52702794072766","true","110.09665043942613","113.48026179472768","0.0","2503.0","true","0.0","0.0","INIT","9","0"
"336","EDGE","475","EDGE","150.24239165226007","true","111.25220007315772","114.48026179472768","0.0","2310.0","true","0.0","0.0","INIT","8","0"
"475","EDGE","336","EDGE","150.24239165226007","true","111.25220007315772","114.48026179472768","0.0","2310.0","true","0.0","0.0","INIT","8","0"
"336","EDGE","460","EDGE","162.1862341523436","true","111.91663010451693","117.48026179472768","0.0","1348.0","true","0.0","0.0","INIT","5","0"
"460","EDGE","336","EDGE","162.1862341523436","true","111.91663010451693","117.48026179472768","0.0","1348.0","true","0.0","0.0","INIT","5","0"
"336","EDGE","509","EDGE","173.80882830909107","true","112.51778694391143","117.48026179472768","0.0","1348.0","true","0.0","0.0","INIT","5","0"
"509","EDGE","336","EDGE","173.80882830909107","true","112.51778694391143","117.48026179472768","0.0","1348.0","true","0.0","0.0","INIT","5","0"
"336","EDGE","390","EDGE","202.37573905458606","true","113.83951926142623","119.48026179472768","0.0","1155.0","true","0.0","0.0","INIT","3","0"
"390","EDGE","336","EDGE","202.37573905458606","true","113.83951926142623","119.48026179472768","0.0","1155.0","true","0.0","0.0","INIT","3","0"
"62","EDGE","351","EDGE","10.274549732830708","true","87.95160627904517","95.98026179472768","0.0","8085.0","true","0.0","0.0","INIT","20","0"
"351","EDGE","62","EDGE","10.274549732830708","true","87.95160627904517","95.98026179472768","0.0","8085.0","true","0.0","0.0","INIT","20","0"
"317","EDGE","327","EDGE","60.86011727363669","true","103.40300600382314","105.1802617947277","0.0","5005.0","true","0.0","0.0","INIT","14","0"
"327","EDGE","317","EDGE","60.86011727363669","true","103.40300600382314","105.1802617947277","0.0","5005.0","true","0.0","0.0","INIT","14","0"
"203","EDGE","401","EDGE","18.699473916569932","true","93.15293807506248","95.98026179472768","0.0","8085.0","true","0.0","0.0","INIT","20","0"
"401","EDGE","203","EDGE","18.699473916569932","true","93.15293807506248","95.98026179472768","0.0","8085.0","true","0.0","0.0","INIT","20","0"
"203","EDGE","438","EDGE","124.75270628576553","true","109.6373498189167","113.48026179472768","0.0","2503.0","true","0.0","0.0","INIT","9","0"
"438","EDGE","203","EDGE","124.75270628576553","true","109.6373498189167","113.48026179472768","0.0","2503.0","true","0.0","0.0","INIT","9","0"
"203","EDGE","521","EDGE","140.2650155614212","true","110.65533759088072","114.48026179472768","0.0","2310.0","true","0.0","0.0","INIT","8","0"
"521","EDGE","203","EDGE","140.2650155614212","true","110.65533759088072","114.48026179472768","0.0","2310.0","true","0.0","0.0","INIT","8","0"
"240","EDGE","528","EDGE","85.68520930425889","true","106.37446754468215","107.48026179472768","0.0","3850.0","true","0.0","0.0","INIT","12","0"
"528","EDGE","240","EDGE","85.68520930425889","true","106.37446754468215","107.48026179472768","0.0","3850.0","true","0.0","0.0","INIT","12","0"
"479","EDGE","481","EDGE","280.96350191470674","true","116.6893484518771","122.48026179472768","0.0","770.0","true","0.0","0.0","INIT","1","0"
"481","EDGE","479","EDGE","280.96350191470674","true","116.6893484518771","122.48026179472768","0.0","770.0","true","0.0","0.0","INIT","1","0"
"194","EDGE","368","EDGE","49.29196548719745","true","101.57187302077408","103.48026179472768","0.0","5390.0","true","0.0","0.0","INIT","15","0"
"368","EDGE","194","EDGE","49.29196548719745","true","101.57187302077408","103.48026179472768","0.0","5390.0","true","0.0","0.0","INIT","15","0"
"194","EDGE","256","EDGE","60.64373597181049","true","103.372069271463","105.1802617947277","0.0","5005.0","true","0.0","0.0","INIT","14","0"
"256","EDGE","194","EDGE","60.64373597181049","true","103.372069271463","105.1802617947277","0.0","5005.0","true","0.0","0.0","INIT","14","0"
"194","EDGE","195","EDGE","82.5082875703844","true","106.04630177787968","107.48026179472768","0.0","3850.0","true","0.0","0.0","INIT","12","0"
"195","EDGE","194","EDGE","82.5082875703844","true","106.04630177787968","107.48026179472768","0.0","3850.0","true","0.0","0.0","INIT","12","0"
"194","EDGE","506","EDGE","95.6728985686678","true","107.33212894282687","107.48026179472768","0.0","3850.0","true","0.0","0.0","INIT","12","0"
"506","EDGE","194","EDGE","95.6728985686678","true","107.33212894282687","107.48026179472768","0.0","3850.0","true","0.0","0.0","INIT","12","0"
"57","EDGE","262","EDGE","11.331164653447399","true","88.8018413129467","95.98026179472768","0.0","8085.0","true","0.0","0.0","INIT","20","0"
"262","EDGE","57","EDGE","11.331164653447399","true","88.8018413129467","95.98026179472768","0.0","8085.0","true","0.0","0.0","INIT","20","0"
"57","EDGE","68","EDGE","17.088293885743493","true","92.37032439502528","95.98026179472768","0.0","8085.0","true","0.0","0.0","INIT","20","0"
"68","EDGE","57","EDGE","17.088293885743493","true","92.37032439502528","95.98026179472768","0.0","8085.0","true","0.0","0.0","INIT","20","0"
"57","EDGE","320","EDGE","56.51590199133452","true","102.75976357246275","103.48026179472768","0.0","5390.0","true","0.0","0.0","INIT","15","0"
"320","EDGE","57","EDGE","56.51590199133452","true","102.75976357246275","103.48026179472768","0.0","5390.0","true","0.0","0.0","INIT","15","0"
"180","EDGE","294","EDGE","7.899989528856977","true","85.66888061919036","95.98026179472768","0.0","8085.0","true","0.0","0.0","INIT","20","0"
"294","EDGE","180","EDGE","7.899989528856977","true","85.66888061919036","95.98026179472768","0.0","8085.0","true","0.0","0.0","INIT","20","0"
"180","EDGE","369","EDGE","104.0463786334741","true","108.0608896873255","109.48026179472768","0.0","3080.0","true","0.0","0.0","INIT","11","0"
"369","EDGE","180","EDGE","104.0463786334741","true","108.0608896873255","109.48026179472768","0.0","3080.0","true","0.0","0.0","INIT","11","0"
"326","EDGE","543","EDGE","57.880271375421316","true","102.96696147959301","103.48026179472768","0.0","5390.0","true","0.0","0.0","INIT","15","0"
"543","EDGE","326","EDGE","57.880271375421316","true","102.96696147959301","103.48026179472768","0.0","5390.0","true","0.0","0.0","INIT","15","0"
"220","EDGE","334","EDGE","18.842590006556964","true","93.21916227559652","95.98026179472768","0.0","8085.0","true","0.0","0.0","INIT","20","0"
"334","EDGE","220","EDGE","18.842590006556964","true","93.21916227559652","95.98026179472768","0.0","8085.0","true","0.0","0.0","INIT","20","0"
"274","EDGE","296","EDGE","11.65703557453529","true","89.04811274294828","95.98026179472768","0.0","8085.0","true","0.0","0.0","INIT","20","0"
"296","EDGE","274","EDGE","11.65703557453529","true","89.04811274294828","95.98026179472768","0.0","8085.0","true","0.0","0.0","INIT","20","0"
"274","EDGE","377","EDGE","67.06895004688234","true","104.24678045793627","106.1802617947277","0.0","4620.0","true","0.0","0.0","INIT","13","0"
"377","EDGE","274","EDGE","67.06895004688234","true","104.24678045793627","106.1802617947277","0.0","4620.0","true","0.0","0.0","INIT","13","0"
"241","EDGE","412","EDGE","23.37165182117038","true","95.09013846201725","95.98026179472768","0.0","8085.0","true","0.0","0.0","INIT","20","0"
"412","EDGE","241","EDGE","23.37165182117038","true","95.09013846201725","95.98026179472768","0.0","8085.0","true","0.0","0.0","INIT","20","0"
"241","EDGE","388","EDGE","51.71447776079371","true","101.98859317249294","103.48026179472768","0.0","5390.0","true","0.0","0.0","INIT","15","0"
"388","EDGE","241","EDGE","51.71447776079371","true","101.98859317249294","103.48026179472768","0.0","5390.0","true","0.0","0.0","INIT","15","0"
"241","EDGE","246","EDGE","126.89029182225822","true","109.78491822968329","113.48026179472768","0.0","2503.0","true","0.0","0.0","INIT","9","0"
"246","EDGE","241","EDGE","126.89029182225822","true","109.78491822968329","113.48026179472768","0.0","2503.0","true","0.0","0.0","INIT","9","0"
"350","EDGE","527","EDGE","9.345206340741257","true","87.12812820574096","95.98026179472768","0.0","8085.0","true","0.0","0.0","INIT","20","0"
"527","EDGE","350","EDGE","9.345206340741257","true","87.12812820574096","95.98026179472768","0.0","8085.0","true","0.0","0.0","INIT","20","0"
"350","EDGE","537","EDGE","23.38297062512897","true","95.09434398775122","95.98026179472768","0.0","8085.0","true","0.0","0.0","INIT","20","0"
"537","EDGE","350","EDGE","23.38297062512897","true","95.09434398775122","95.98026179472768","0.0","8085.0","true","0.0","0.0","INIT","20","0"
"350","EDGE","541","EDGE","23.629857458371294","true","95.18557234339124","95.98026179472768","0.0","8085.0","true","0.0","0.0","INIT","20","0"
"541","EDGE","350","EDGE","23.629857458371294","true","95.18557234339124","95.98026179472768","0.0","8085.0","true","0.0","0.0","INIT","20","0"
"29","EDGE","512","EDGE","55.92388353675185","true","102.66829675838248","103.48026179472768","0.0","5390.0","true","0.0","0.0","INIT","15","0"
"512","EDGE","29","EDGE","55.92388353675185","true","102.66829675838248","103.48026179472768","0.0","5390.0","true","0.0","0.0","INIT","15","0"
"29","EDGE","495","EDGE","63.6282382193735","true","103.7893482736112","105.1802617947277","0.0","5005.0","true","0.0","0.0","INIT","14","0"
"495","EDGE","29","EDGE","63.6282382193735","true","103.7893482736112","105.1802617947277","0.0","5005.0","true","0.0","0.0","INIT","14","0"
"29","EDGE","68","EDGE","89.75922448844508","true","106.77793213946596","107.48026179472768","0.0","3850.0","true","0.0","0.0","INIT","12","0"
"68","EDGE","29","EDGE","89.75922448844508","true","106.77793213946596","107.48026179472768","0.0","3850.0","true","0.0","0.0","INIT","12","0"
"29","EDGE","57","EDGE","105.01708024537649","true","108.14154909770272","109.48026179472768","0.0","3080.0","true","0.0","0.0","INIT","11","0"
"57","EDGE","29","EDGE","105.01708024537649","true","108.14154909770272","109.48026179472768","0.0","3080.0","true","0.0","0.0","INIT","11","0"
"29","EDGE","262","EDGE","116.31602515895024","true","109.02914136063976","112.48026179472768","0.0","2695.0","true","0.0","0.0","INIT","10","0"
"262","EDGE","29","EDGE","116.31602515895024","true","109.02914136063976","112.48026179472768","0.0","2695.0","true","0.0","0.0","INIT","10","0"
"29","EDGE","375","EDGE","116.77171561821979","true","109.06310352499776","112.48026179472768","0.0","2695.0","true","0.0","0.0","INIT","10","0"
"375","EDGE","29","EDGE","116.77171561821979","true","109.06310352499776","112.48026179472768","0.0","2695.0","true","0.0","0.0","INIT","10","0"
"29","EDGE","320","EDGE","160.80023053699412","true","111.84208364729187","117.48026179472768","0.0","1348.0","true","0.0","0.0","INIT","5","0"
"320","EDGE","29","EDGE","160.80023053699412","true","111.84208364729187","117.48026179472768","0.0","1348.0","true","0.0","0.0","INIT","5","0"
"511","EDGE","522","EDGE","22.624105254150574","true","94.80777855800271","95.98026179472768","0.0","8085.0","true","0.0","0.0","INIT","20","0"
"522","EDGE","511","EDGE","22.624105254150574","true","94.80777855800271","95.98026179472768","0.0","8085.0","true","0.0","0.0","INIT","20","0"
"233","EDGE","435","EDGE","56.10826807827404","true","102.69688757274399","103.48026179472768","0.0","5390.0","true","0.0","0.0","INIT","15","0"
"435","EDGE","233","EDGE","56.10826807827404","true","102.69688757274399","103.48026179472768","0.0","5390.0","true","0.0","0.0","INIT","15","0"
"233","EDGE","580","EDGE","77.63817413170105","true","105.51785657111446","107.48026179472768","0.0","3850.0","true","0.0","0.0","INIT","12","0"
"580","EDGE","233","EDGE","77.63817413170105","true","105.51785657111446","107.48026179472768","0.0","3850.0","true","0.0","0.0","INIT","12","0"
"233","EDGE","432","EDGE","99.04416160484519","true","107.6329279082267","109.48026179472768","0.0","3080.0","true","0.0","0.0","INIT","11","0"
"432","EDGE","233","EDGE","99.04416160484519","true","107.6329279082267","109.48026179472768","0.0","3080.0","true","0.0","0.0","INIT","11","0"
"434","EDGE","457","EDGE","67.51240317265426","true","104.30402165455338","106.1802617947277","0.0","4620.0","true","0.0","0.0","INIT","13","0"
"457","EDGE","434","EDGE","67.51240317265426","true","104.30402165455338","106.1802617947277","0.0","4620.0","true","0.0","0.0","INIT","13","0"
"434","EDGE","466","EDGE","118.5389526532047","true","109.19357202072145","112.48026179472768","0.0","2695.0","true","0.0","0.0","INIT","10","0"
"466","EDGE","434","EDGE","118.5389526532047","true","109.19357202072145","112.48026179472768","0.0","2695.0","true","0.0","0.0","INIT","10","0"
"188","EDGE","233","EDGE","58.18152124257815","true","103.01205175291702","103.48026179472768","0.0","5390.0","true","0.0","0.0","INIT","15","0"
"233","EDGE","188","EDGE","58.18152124257815","true","103.01205175291702","103.48026179472768","0.0","5390.0","true","0.0","0.0","INIT","15","0"
"188","EDGE","211","EDGE","70.39745616470137","true","104.66748962722428","106.1802617947277","0.0","4620.0","true","0.0","0.0","INIT","13","0"
"211","EDGE","188","EDGE","70.39745616470137","true","104.66748962722428","106.1802617947277","0.0","4620.0","true","0.0","0.0","INIT","13","0"
"188","EDGE","298","EDGE","93.75425555229724","true","107.15617009999296","107.48026179472768","0.0","3850.0","true","0.0","0.0","INIT","12","0"
"298","EDGE","188","EDGE","93.75425555229724","true","107.15617009999296","107.48026179472768","0.0","3850.0","true","0.0","0.0","INIT","12","0"
"327","EDGE","485","EDGE","97.75162980511709","true","107.51883044790802","109.48026179472768","0.0","3080.0","true","0.0","0.0","INIT","11","0"
"485","EDGE","327","EDGE","97.75162980511709","true","107.51883044790802","109.48026179472768","0.0","3080.0","true","0.0","0.0","INIT","11","0"
"327","EDGE","535","EDGE","122.51115193242144","true","109.47986277445794","112.48026179472768","0.0","2695.0","true","0.0","0.0","INIT","10","0"
"535","EDGE","327","EDGE","122.51115193242144","true","109.47986277445794","112.48026179472768","0.0","2695.0","true","0.0","0.0","INIT","10","0"
"327","EDGE","486","EDGE","164.2994357942454","true","112.02907174752693","117.48026179472768","0.0","1348.0","true","0.0","0.0","INIT","5","0"
"486","EDGE","327","EDGE","164.2994357942454","true","112.02907174752693","117.48026179472768","0.0","1348.0","true","0.0","0.0","INIT","5","0"
"414","EDGE","578","EDGE","14.64212447181757","true","91.02843219508472","95.98026179472768","0.0","8085.0","true","0.0","0.0","INIT","20","0"
"578","EDGE","414","EDGE","14.64212447181757","true","91.02843219508472","95.98026179472768","0.0","8085.0","true","0.0","0.0","INIT","20","0"
"414","EDGE","503","EDGE","262.14483494900367","true","116.08717641042077","120.98026179472768","0.0","962.0","true","0.0","0.0","INIT","2","0"
"503","EDGE","414","EDGE","262.14483494900367","true","116.08717641042077","120.98026179472768","0.0","962.0","true","0.0","0.0","INIT","2","0"
"414","EDGE","518","EDGE","283.1081996972677","true","116.75539926762309","122.48026179472768","0.0","770.0","true","0.0","0.0","INIT","1","0"
"518","EDGE","414","EDGE","283.1081996972677","true","116.75539926762309","122.48026179472768","0.0","770.0","true","0.0","0.0","INIT","1","0"
"414","EDGE","546","EDGE","397.29486170630634","true","119.69860927168882","124.38026179472769","0.0","385.0","true","0.0","0.0","INIT","0","0"
"546","EDGE","414","EDGE","397.29486170630634","true","119.69860927168882","124.38026179472769","0.0","385.0","true","0.0","0.0","INIT","0","0"
"278","EDGE","508","EDGE","80.09248705815037","true","105.78818590073818","107.48026179472768","0.0","3850.0","true","0.0","0.0","INIT","12","0"
"508","EDGE","278","EDGE","80.09248705815037","true","105.78818590073818","107.48026179472768","0.0","3850.0","true","0.0","0.0","INIT","12","0"
"229","EDGE","520","EDGE","17.536724607630628","true","92.59531994578975","95.98026179472768","0.0","8085.0","true","0.0","0.0","INIT","20","0"
"520","EDGE","229","EDGE","17.536724607630628","true","92.59531994578975","95.98026179472768","0.0","8085.0","true","0.0","0.0","INIT","20","0"
"229","EDGE","356","EDGE","49.55713869785342","true","101.61847477375497","103.48026179472768","0.0","5390.0","true","0.0","0.0","INIT","15","0"
"356","EDGE","229","EDGE","49.55713869785342","true","101.61847477375497","103.48026179472768","0.0","5390.0","true","0.0","0.0","INIT","15","0"
"190","EDGE","352","EDGE","89.10199527095561","true","106.71409889321278","107.48026179472768","0.0","3850.0","true","0.0","0.0","INIT","12","0"
"352","EDGE","190","EDGE","89.10199527095561","true","106.71409889321278","107.48026179472768","0.0","3850.0","true","0.0","0.0","INIT","12","0"
"190","EDGE","367","EDGE","89.34937544737619","true","106.73818072882767","107.48026179472768","0.0","3850.0","true","0.0","0.0","INIT","12","0"
"367","EDGE","190","EDGE","89.34937544737619","true","106.73818072882767","107.48026179472768","0.0","3850.0","true","0.0","0.0","INIT","12","0"
"190","EDGE","206","EDGE","104.73999217631518","true","108.11860104870433","109.48026179472768","0.0","3080.0","true","0.0","0.0","INIT","11","0"
"206","EDGE","190","EDGE","104.73999217631518","true","108.11860104870433","109.48026179472768","0.0","3080.0","true","0.0","0.0","INIT","11","0"
"190","EDGE","218","EDGE","115.26310633558346","true","108.95015669859845","112.48026179472768","0.0","2695.0","true","0.0","0.0","INIT","10","0"
"218","EDGE","190","EDGE","115.26310633558346","true","108.95015669859845","112.48026179472768","0.0","2695.0","true","0.0","0.0","INIT","10","0"
"190","EDGE","213","EDGE","118.60993245475535","true","109.19877147793947","112.48026179472768","0.0","2695.0","true","0.0","0.0","INIT","10","0"
"213","EDGE","190","EDGE","118.60993245475535","true","109.19877147793947","112.48026179472768","0.0","2695.0","true","0.0","0.0","INIT","10","0"
"190","EDGE","432","EDGE","126.1207144210466","true","109.73207874978351","113.48026179472768","0.0","2503.0","true","0.0","0.0","INIT","9","0"
"432","EDGE","190","EDGE","126.1207144210466","true","109.73207874978351","113.48026179472768","0.0","2503.0","true","0.0","0.0","INIT","9","0"
"190","EDGE","277","EDGE","165.15061024443247","true","112.07395396184845","117.48026179472768","0.0","1348.0","true","0.0","0.0","INIT","5","0"
"277","EDGE","190","EDGE","165.15061024443247","true","112.07395396184845","117.48026179472768","0.0","1348.0","true","0.0","0.0","INIT","5","0"
"190","EDGE","298","EDGE","215.79882562418095","true","114.39733184470936","119.48026179472768","0.0","1155.0","true","0.0","0.0","INIT","3","0"
"298","EDGE","190","EDGE","215.79882562418095","true","114.39733184470936","119.48026179472768","0.0","1155.0","true","0.0","0.0","INIT","3","0"
"411","EDGE","497","EDGE","16.13763640289791","true","91.87314882922534","95.98026179472768","0.0","8085.0","true","0.0","0.0","INIT","20","0"
"497","EDGE","411","EDGE","16.13763640289791","true","91.87314882922534","95.98026179472768","0.0","8085.0","true","0.0","0.0","INIT","20","0"
"411","EDGE","585","EDGE","57.88421088962845","true","102.96755264857634","103.48026179472768","0.0","5390.0","true","0.0","0.0","INIT","15","0"
"585","EDGE","411","EDGE","57.88421088962845","true","102.96755264857634","103.48026179472768","0.0","5390.0","true","0.0","0.0","INIT","15","0"
"339","EDGE","544","EDGE","7.409452463664737","true","85.11207262828187","95.98026179472768","0.0","8085.0","true","0.0","0.0","INIT","20","0"
"544","EDGE","339","EDGE","7.409452463664737","true","85.11207262828187","95.98026179472768","0.0","8085.0","true","0.0","0.0","INIT","20","0"
"339","EDGE","369","EDGE","56.67881252684531","true","102.78476516225136","103.48026179472768","0.0","5390.0","true","0.0","0.0","INIT","15","0"
"369","EDGE","339","EDGE","56.67881252684531","true","102.78476516225136","103.48026179472768","0.0","5390.0","true","0.0","0.0","INIT","15","0"
"43","EDGE","80","EDGE","18.433024779456446","true","93.0282824443718","95.98026179472768","0.0","8085.0","true","0.0","0.0","INIT","20","0"
"80","EDGE","43","EDGE","18.433024779456446","true","93.0282824443718","95.98026179472768","0.0","8085.0","true","0.0","0.0","INIT","20","0"
"43","EDGE","426","EDGE","85.77900327974322","true","106.38397021802434","107.48026179472768","0.0","3850.0","true","0.0","0.0","INIT","12","0"
"426","EDGE","43","EDGE","85.77900327974322","true","106.38397021802434","107.48026179472768","0.0","3850.0","true","0.0","0.0","INIT","12","0"
"43","EDGE","76","EDGE","173.96773347955167","true","112.525724413087","117.48026179472768","0.0","1348.0","true","0.0","0.0","INIT","5","0"
"76","EDGE","43","EDGE","173.96773347955167","true","112.525724413087","117.48026179472768","0.0","1348.0","true","0.0","0.0","INIT","5","0"
"43","EDGE","437","EDGE","181.795405245825","true","112.90800835678854","118.78026179472769","0.0","1252.0","true","0.0","0.0","INIT","4","0"
"437","EDGE","43","EDGE","181.795405245825","true","112.90800835678854","118.78026179472769","0.0","1252.0","true","0.0","0.0","INIT","4","0"
"43","EDGE","450","EDGE","233.63985618085033","true","115.08728891087436","120.98026179472768","0.0","962.0","true","0.0","0.0","INIT","2","0"
"450","EDGE","43","EDGE","233.63985618085033","true","115.08728891087436","120.98026179472768","0.0","962.0","true","0.0","0.0","INIT","2","0"
"43","EDGE","187","EDGE","241.25518115402883","true","115.36588328516306","120.98026179472768","0.0","962.0","true","0.0","0.0","INIT","2","0"
"187","EDGE","43","EDGE","241.25518115402883","true","115.36588328516306","120.98026179472768","0.0","962.0","true","0.0","0.0","INIT","2","0"
"433","EDGE","468","EDGE","116.32356042950427","true","109.0297040381246","112.48026179472768","0.0","2695.0","true","0.0","0.0","INIT","10","0"
"468","EDGE","433","EDGE","116.32356042950427","true","109.0297040381246","112.48026179472768","0.0","2695.0","true","0.0","0.0","INIT","10","0"
"168","EDGE","597","EDGE","65.49650550976541","true","104.04071289280927","105.1802617947277","0.0","5005.0","true","0.0","0.0","INIT","14","0"
"597","EDGE","168","EDGE","65.49650550976541","true","104.04071289280927","105.1802617947277","0.0","5005.0","true","0.0","0.0","INIT","14","0"
"168","EDGE","353","EDGE","71.44246023925712","true","104.79547834193137","106.1802617947277","0.0","4620.0","true","0.0","0.0","INIT","13","0"
"353","EDGE","168","EDGE","71.44246023925712","true","104.79547834193137","106.1802617947277","0.0","4620.0","true","0.0","0.0","INIT","13","0"
"168","EDGE","183","EDGE","75.45964970639719","true","105.27064600255122","106.1802617947277","0.0","4620.0","true","0.0","0.0","INIT","13","0"
"183","EDGE","168","EDGE","75.45964970639719","true","105.27064600255122","106.1802617947277","0.0","4620.0","true","0.0","0.0","INIT","13","0"
"168","EDGE","339","EDGE","76.25879339773002","true","105.36214889383331","106.1802617947277","0.0","4620.0","true","0.0","0.0","INIT","13","0"
"339","EDGE","168","EDGE","76.25879339773002","true","105.36214889383331","106.1802617947277","0.0","4620.0","true","0.0","0.0","INIT","13","0"
"168","EDGE","406","EDGE","87.58909346270752","true","106.56535093552966","107.48026179472768","0.0","3850.0","true","0.0","0.0","INIT","12","0"
"406","EDGE","168","EDGE","87.58909346270752","true","106.56535093552966","107.48026179472768","0.0","3850.0","true","0.0","0.0","INIT","12","0"
"168","EDGE","445","EDGE","106.25379627712186","true","108.24323941904586","109.48026179472768","0.0","3080.0","true","0.0","0.0","INIT","11","0"
"445","EDGE","168","EDGE","106.25379627712186","true","108.24323941904586","109.48026179472768","0.0","3080.0","true","0.0","0.0","INIT","11","0"
"168","EDGE","306","EDGE","127.14101991155754","true","109.80206412563706","113.48026179472768","0.0","2503.0","true","0.0","0.0","INIT","9","0"
"306","EDGE","168","EDGE","127.14101991155754","true","109.80206412563706","113.48026179472768","0.0","2503.0","true","0.0","0.0","INIT","9","0"
"168","EDGE","369","EDGE","132.9069047394004","true","110.1873011834918","113.48026179472768","0.0","2503.0","true","0.0","0.0","INIT","9","0"
"369","EDGE","168","EDGE","132.9069047394004","true","110.1873011834918","113.48026179472768","0.0","2503.0","true","0.0","0.0","INIT","9","0"
"7","EDGE","578","EDGE","18.801730776558014","true","93.20030690010014","95.98026179472768","0.0","8085.0","true","0.0","0.0","INIT","20","0"
"578","EDGE","7","EDGE","18.801730776558014","true","93.20030690010014","95.98026179472768","0.0","8085.0","true","0.0","0.0","INIT","20","0"
"7","EDGE","40","EDGE","56.37399926546288","true","102.73792721594714","103.48026179472768","0.0","5390.0","true","0.0","0.0","INIT","15","0"
"40","EDGE","7","EDGE","56.37399926546288","true","102.73792721594714","103.48026179472768","0.0","5390.0","true","0.0","0.0","INIT","15","0"
"7","EDGE","318","EDGE","288.0658944430294","true","116.90618716691355","122.48026179472768","0.0","770.0","true","0.0","0.0","INIT","1","0"
"318","EDGE","7","EDGE","288.0658944430294","true","116.90618716691355","122.48026179472768","0.0","770.0","true","0.0","0.0","INIT","1","0"
"7","EDGE","503","EDGE","289.60300473602695","true","116.95241157641786","122.48026179472768","0.0","770.0","true","0.0","0.0","INIT","1","0"
"503","EDGE","7","EDGE","289.60300473602695","true","116.95241157641786","122.48026179472768","0.0","770.0","true","0.0","0.0","INIT","1","0"
"7","EDGE","518","EDGE","310.5651663628541","true","117.55940516117327","122.48026179472768","0.0","770.0","true","0.0","0.0","INIT","1","0"
"518","EDGE","7","EDGE","310.5651663628541","true","117.55940516117327","122.48026179472768","0.0","770.0","true","0.0","0.0","INIT","1","0"
"7","EDGE","13","EDGE","376.946098536512","true","119.24193535902648","124.38026179472769","0.0","385.0","true","0.0","0.0","INIT","0","0"
"13","EDGE","7","EDGE","376.946098536512","true","119.24193535902648","124.38026179472769","0.0","385.0","true","0.0","0.0","INIT","0","0"
"7","EDGE","546","EDGE","424.6327122861458","true","120.2766192605054","124.38026179472769","0.0","385.0","true","0.0","0.0","INIT","0","0"
"546","EDGE","7","EDGE","424.6327122861458","true","120.2766192605054","124.38026179472769","0.0","385.0","true","0.0","0.0","INIT","0","0"
"7","EDGE","36","EDGE","445.9914793119384","true","120.70288153769879","124.38026179472769","0.0","385.0","true","0.0","0.0","INIT","0","0"
"36","EDGE","7","EDGE","445.9914793119384","true","120.70288153769879","124.38026179472769","0.0","385.0","true","0.0","0.0","INIT","0","0"
"7","EDGE","249","EDGE","456.6831769221912","true","120.90865057755757","124.38026179472769","0.0","385.0","true","0.0","0.0","INIT","0","0"
"249","EDGE","7","EDGE","456.6831769221912","true","120.90865057755757","124.38026179472769","0.0","385.0","true","0.0","0.0","INIT","0","0"
"279","EDGE","329","EDGE","19.914325031946703","true","93.69966213007478","95.98026179472768","0.0","8085.0","true","0.0","0.0","INIT","20","0"
"329","EDGE","279","EDGE","19.914325031946703","true","93.69966213007478","95.98026179472768","0.0","8085.0","true","0.0","0.0","INIT","20","0"
"301","EDGE","566","EDGE","24.669571079344298","true","95.55958227897379","95.98026179472768","0.0","8085.0","true","0.0","0.0","INIT","20","0"
"566","EDGE","301","EDGE","24.669571079344298","true","95.55958227897379","95.98026179472768","0.0","8085.0","true","0.0","0.0","INIT","20","0"
"301","EDGE","499","EDGE","53.825051756572606","true","102.33603942820662","103.48026179472768","0.0","5390.0","true","0.0","0.0","INIT","15","0"
"499","EDGE","301","EDGE","53.825051756572606","true","102.33603942820662","103.48026179472768","0.0","5390.0","true","0.0","0.0","INIT","15","0"
"301","EDGE","321","EDGE","115.73418302562742","true","108.98558331182278","112.48026179472768","0.0","2695.0","true","0.0","0.0","INIT","10","0"
"321","EDGE","301","EDGE","115.73418302562742","true","108.98558331182278","112.48026179472768","0.0","2695.0","true","0.0","0.0","INIT","10","0"
"301","EDGE","320","EDGE","190.6896257522589","true","113.32289163422878","118.78026179472769","0.0","1252.0","true","0.0","0.0","INIT","4","0"
"320","EDGE","301","EDGE","190.6896257522589","true","113.32289163422878","118.78026179472769","0.0","1252.0","true","0.0","0.0","INIT","4","0"
"236","EDGE","552","EDGE","162.96673349795876","true","111.95832951909313","117.48026179472768","0.0","1348.0","true","0.0","0.0","INIT","5","0"
"552","EDGE","236","EDGE","162.96673349795876","true","111.95832951909313","117.48026179472768","0.0","1348.0","true","0.0","0.0","INIT","5","0"
"236","EDGE","591","EDGE","286.82189259556736","true","116.86859624964099","122.48026179472768","0.0","770.0","true","0.0","0.0","INIT","1","0"
"591","EDGE","236","EDGE","286.82189259556736","true","116.86859624964099","122.48026179472768","0.0","770.0","true","0.0","0.0","INIT","1","0"
"101","EDGE","470","EDGE","80.25813058403095","true","105.80613110005186","107.48026179472768","0.0","3850.0","true","0.0","0.0","INIT","12","0"
"470","EDGE","101","EDGE","80.25813058403095","true","105.80613110005186","107.48026179472768","0.0","3850.0","true","0.0","0.0","INIT","12","0"
"101","EDGE","270","EDGE","101.33308281385249","true","107.83137541042178","109.48026179472768","0.0","3080.0","true","0.0","0.0","INIT","11","0"
"270","EDGE","101","EDGE","101.33308281385249","true","107.83137541042178","109.48026179472768","0.0","3080.0","true","0.0","0.0","INIT","11","0"
"101","EDGE","519","EDGE","112.57489127233174","true","108.74518102985063","112.48026179472768","0.0","2695.0","true","0.0","0.0","INIT","10","0"
"519","EDGE","101","EDGE","112.57489127233174","true","108.74518102985063","112.48026179472768","0.0","2695.0","true","0.0","0.0","INIT","10","0"
"101","EDGE","192","EDGE","121.26453146620398","true","109.39102616837599","112.48026179472768","0.0","2695.0","true","0.0","0.0","INIT","10","0"
"192","EDGE","101","EDGE","121.26453146620398","true","109.39102616837599","112.48026179472768","0.0","2695.0","true","0.0","0.0","INIT","10","0"
"101","EDGE","488","EDGE","147.4755057828128","true","111.09074819224844","114.48026179472768","0.0","2310.0","true","0.0","0.0","INIT","8","0"
"488","EDGE","101","EDGE","147.4755057828128","true","111.09074819224844","114.48026179472768","0.0","2310.0","true","0.0","0.0","INIT","8","0"
"114","EDGE","466","EDGE","55.11994542635759","true","102.5425258843917","103.48026179472768","0.0","5390.0","true","0.0","0.0","INIT","15","0"
"466","EDGE","114","EDGE","55.11994542635759","true","102.5425258843917","103.48026179472768","0.0","5390.0","true","0.0","0.0","INIT","15","0"
"114","EDGE","166","EDGE","55.255134704845254","true","102.56380314623352","103.48026179472768","0.0","5390.0","true","0.0","0.0","INIT","15","0"
"166","EDGE","114","EDGE","55.255134704845254","true","102.56380314623352","103.48026179472768","0.0","5390.0","true","0.0","0.0","INIT","15","0"
"179","EDGE","489","EDGE","18.245083176743364","true","92.93926725803942","95.98026179472768","0.0","8085.0","true","0.0","0.0","INIT","20","0"
"489","EDGE","179","EDGE","18.245083176743364","true","92.93926725803942","95.98026179472768","0.0","8085.0","true","0.0","0.0","INIT","20","0"
"246","EDGE","259","EDGE","49.64836592463935","true","101.63444948907383","103.48026179472768","0.0","5390.0","true","0.0","0.0","INIT","15","0"
"259","EDGE","246","EDGE","49.64836592463935","true","101.63444948907383","103.48026179472768","0.0","5390.0","true","0.0","0.0","INIT","15","0"
"246","EDGE","534","EDGE","83.01834793435428","true","106.09983203950982","107.48026179472768","0.0","3850.0","true","0.0","0.0","INIT","12","0"
"534","EDGE","246","EDGE","83.01834793435428","true","106.09983203950982","107.48026179472768","0.0","3850.0","true","0.0","0.0","INIT","12","0"
"246","EDGE","512","EDGE","106.78154339554156","true","108.28627418136796","109.48026179472768","0.0","3080.0","true","0.0","0.0","INIT","11","0"
"512","EDGE","246","EDGE","106.78154339554156","true","108.28627418136796","109.48026179472768","0.0","3080.0","true","0.0","0.0","INIT","11","0"
"246","EDGE","412","EDGE","146.0325355780653","true","111.00534282570091","114.48026179472768","0.0","2310.0","true","0.0","0.0","INIT","8","0"
"412","EDGE","246","EDGE","146.0325355780653","true","111.00534282570091","114.48026179472768","0.0","2310.0","true","0.0","0.0","INIT","8","0"
"246","EDGE","388","EDGE","178.56798610784327","true","112.75242231965116","117.48026179472768","0.0","1348.0","true","0.0","0.0","INIT","5","0"
"388","EDGE","246","EDGE","178.56798610784327","true","112.75242231965116","117.48026179472768","0.0","1348.0","true","0.0","0.0","INIT","5","0"
"131","EDGE","267","EDGE","123.87634653032482","true","109.57611807180854","113.48026179472768","0.0","2503.0","true","0.0","0.0","INIT","9","0"
"267","EDGE","131","EDGE","123.87634653032482","true","109.57611807180854","113.48026179472768","0.0","2503.0","true","0.0","0.0","INIT","9","0"
"122","EDGE","251","EDGE","10.363056679337692","true","88.02610777571665","95.98026179472768","0.0","8085.0","true","0.0","0.0","INIT","20","0"
"251","EDGE","122","EDGE","10.363056679337692","true","88.02610777571665","95.98026179472768","0.0","8085.0","true","0.0","0.0","INIT","20","0"
"41","EDGE","359","EDGE","7.012719028517606","true","84.63407908243767","95.98026179472768","0.0","8085.0","true","0.0","0.0","INIT","20","0"
"359","EDGE","41","EDGE","7.012719028517606","true","84.63407908243767","95.98026179472768","0.0","8085.0","true","0.0","0.0","INIT","20","0"
"41","EDGE","296","EDGE","20.331978869374247","true","93.87994329974211","95.98026179472768","0.0","8085.0","true","0.0","0.0","INIT","20","0"
"296","EDGE","41","EDGE","20.331978869374247","true","93.87994329974211","95.98026179472768","0.0","8085.0","true","0.0","0.0","INIT","20","0"
"41","EDGE","362","EDGE","104.49480325342404","true","108.09824415830127","109.48026179472768","0.0","3080.0","true","0.0","0.0","INIT","11","0"
"362","EDGE","41","EDGE","104.49480325342404","true","108.09824415830127","109.48026179472768","0.0","3080.0","true","0.0","0.0","INIT","11","0"
"41","EDGE","427","EDGE","129.67973606405243","true","109.97379266471602","113.48026179472768","0.0","2503.0","true","0.0","0.0","INIT","9","0"
"427","EDGE","41","EDGE","129.67973606405243","true","109.97379266471602","113.48026179472768","0.0","2503.0","true","0.0","0.0","INIT","9","0"
"41","EDGE","100","EDGE","172.42779213429714","true","112.44849565172476","117.48026179472768","0.0","1348.0","true","0.0","0.0","INIT","5","0"
"100","EDGE","41","EDGE","172.42779213429714","true","112.44849565172476","117.48026179472768","0.0","1348.0","true","0.0","0.0","INIT","5","0"
"31","EDGE","136","EDGE","8.661013025487046","true","86.46772414111538","95.98026179472768","0.0","8085.0","true","0.0","0.0","INIT","20","0"
"136","EDGE","31","EDGE","8.661013025487046","true","86.46772414111538","95.98026179472768","0.0","8085.0","true","0.0","0.0","INIT","20","0"
"31","EDGE","445","EDGE","246.68039940285158","true","115.55904316471116","120.98026179472768","0.0","962.0","true","0.0","0.0","INIT","2","0"
"445","EDGE","31","EDGE","246.68039940285158","true","115.55904316471116","120.98026179472768","0.0","962.0","true","0.0","0.0","INIT","2","0"
"281","EDGE","295","EDGE","52.90794601248106","true","102.18676834055887","103.48026179472768","0.0","5390.0","true","0.0","0.0","INIT","15","0"
"295","EDGE","281","EDGE","52.90794601248106","true","102.18676834055887","103.48026179472768","0.0","5390.0","true","0.0","0.0","INIT","15","0"
"281","EDGE","559","EDGE","107.43321882111579","true","108.33912206383573","109.48026179472768","0.0","3080.0","true","0.0","0.0","INIT","11","0"
"559","EDGE","281","EDGE","107.43321882111579","true","108.33912206383573","109.48026179472768","0.0","3080.0","true","0.0","0.0","INIT","11","0"
"102","EDGE","513","EDGE","7.641092718451065","true","85.37945969671607","95.98026179472768","0.0","8085.0","true","0.0","0.0","INIT","20","0"
"513","EDGE","102","EDGE","7.641092718451065","true","85.37945969671607","95.98026179472768","0.0","8085.0","true","0.0","0.0","INIT","20","0"
"72","EDGE","91","EDGE","25.726032050512504","true","95.92380643347049","95.98026179472768","0.0","8085.0","true","0.0","0.0","INIT","20","0"
"91","EDGE","72","EDGE","25.726032050512504","true","95.92380643347049","95.98026179472768","0.0","8085.0","true","0.0","0.0","INIT","20","0"
"72","EDGE","95","EDGE","114.99580538170684","true","108.92999029017453","112.48026179472768","0.0","2695.0","true","0.0","0.0","INIT","10","0"
"95","EDGE","72","EDGE","114.99580538170684","true","108.92999029017453","112.48026179472768","0.0","2695.0","true","0.0","0.0","INIT","10","0"
"72","EDGE","111","EDGE","127.38502815363928","true","109.81871805419884","113.48026179472768","0.0","2503.0","true","0.0","0.0","INIT","9","0"
"111","EDGE","72","EDGE","127.38502815363928","true","109.81871805419884","113.48026179472768","0.0","2503.0","true","0.0","0.0","INIT","9","0"
"72","EDGE","164","EDGE","156.8899517739777","true","111.62825289637472","117.48026179472768","0.0","1348.0","true","0.0","0.0","INIT","5","0"
"164","EDGE","72","EDGE","156.8899517739777","true","111.62825289637472","117.48026179472768","0.0","1348.0","true","0.0","0.0","INIT","5","0"
"397","EDGE","411","EDGE","19.347193014926987","true","93.44870959349629","95.98026179472768","0.0","8085.0","true","0.0","0.0","INIT","20","0"
"411","EDGE","397","EDGE","19.347193014926987","true","93.44870959349629","95.98026179472768","0.0","8085.0","true","0.0","0.0","INIT","20","0"
"397","EDGE","585","EDGE","76.82296495464175","true","105.42617159803046","106.1802617947277","0.0","4620.0","true","0.0","0.0","INIT","13","0"
"585","EDGE","397","EDGE","76.82296495464175","true","105.42617159803046","106.1802617947277","0.0","4620.0","true","0.0","0.0","INIT","13","0"
"51","EDGE","232","EDGE","94.86200826564999","true","107.25819659812743","107.48026179472768","0.0","3850.0","true","0.0","0.0","INIT","12","0"
"232","EDGE","51","EDGE","94.86200826564999","true","107.25819659812743","107.48026179472768","0.0","3850.0","true","0.0","0.0","INIT","12","0"
"51","EDGE","597","EDGE","171.76871003020761","true","112.41523138913436","117.48026179472768","0.0","1348.0","true","0.0","0.0","INIT","5","0"
"597","EDGE","51","EDGE","171.76871003020761","true","112.41523138913436","117.48026179472768","0.0","1348.0","true","0.0","0.0","INIT","5","0"
"51","EDGE","183","EDGE","183.73695820424925","true","113.00028075183286","118.78026179472769","0.0","1252.0","true","0.0","0.0","INIT","4","0"
"183","EDGE","51","EDGE","183.73695820424925","true","113.00028075183286","118.78026179472769","0.0","1252.0","true","0.0","0.0","INIT","4","0"
"51","EDGE","406","EDGE","197.62588054316964","true","113.63322666599674","119.48026179472768","0.0","1155.0","true","0.0","0.0","INIT","3","0"
"406","EDGE","51","EDGE","197.62588054316964","true","113.63322666599674","119.48026179472768","0.0","1155.0","true","0.0","0.0","INIT","3","0"
"51","EDGE","300","EDGE","200.24687715269977","true","113.74766534605041","119.48026179472768","0.0","1155.0","true","0.0","0.0","INIT","3","0"
"300","EDGE","51","EDGE","200.24687715269977","true","113.74766534605041","119.48026179472768","0.0","1155.0","true","0.0","0.0","INIT","3","0"
"51","EDGE","332","EDGE","218.044581684138","true","114.48725628837607","119.48026179472768","0.0","1155.0","true","0.0","0.0","INIT","3","0"
"332","EDGE","51","EDGE","218.044581684138","true","114.48725628837607","119.48026179472768","0.0","1155.0","true","0.0","0.0","INIT","3","0"
"51","EDGE","445","EDGE","218.11641530385367","true","114.49011733694806","119.48026179472768","0.0","1155.0","true","0.0","0.0","INIT","3","0"
"445","EDGE","51","EDGE","218.11641530385367","true","114.49011733694806","119.48026179472768","0.0","1155.0","true","0.0","0.0","INIT","3","0"
"51","EDGE","306","EDGE","240.15042555720828","true","115.32601751749341","120.98026179472768","0.0","962.0","true","0.0","0.0","INIT","2","0"
"306","EDGE","51","EDGE","240.15042555720828","true","115.32601751749341","120.98026179472768","0.0","962.0","true","0.0","0.0","INIT","2","0"
"268","EDGE","500","EDGE","20.855762214756954","true","94.1008716385181","95.98026179472768","0.0","8085.0","true","0.0","0.0","INIT","20","0"
"500","EDGE","268","EDGE","20.855762214756954","true","94.1008716385181","95.98026179472768","0.0","8085.0","true","0.0","0.0","INIT","20","0"
"268","EDGE","407","EDGE","49.4433772660658","true","101.59851286412513","103.48026179472768","0.0","5390.0","true","0.0","0.0","INIT","15","0"
"407","EDGE","268","EDGE","49.4433772660658","true","101.59851286412513","103.48026179472768","0.0","5390.0","true","0.0","0.0","INIT","15","0"
"268","EDGE","569","EDGE","52.40092847081424","true","102.10312994899462","103.48026179472768","0.0","5390.0","true","0.0","0.0","INIT","15","0"
"569","EDGE","268","EDGE","52.40092847081424","true","102.10312994899462","103.48026179472768","0.0","5390.0","true","0.0","0.0","INIT","15","0"
"268","EDGE","353","EDGE","120.13596852470273","true","109.30981138566793","112.48026179472768","0.0","2695.0","true","0.0","0.0","INIT","10","0"
"353","EDGE","268","EDGE","120.13596852470273","true","109.30981138566793","112.48026179472768","0.0","2695.0","true","0.0","0.0","INIT","10","0"
"268","EDGE","525","EDGE","163.4831173869483","true","111.98580851594","117.48026179472768","0.0","1348.0","true","0.0","0.0","INIT","5","0"
"525","EDGE","268","EDGE","163.4831173869483","true","111.98580851594","117.48026179472768","0.0","1348.0","true","0.0","0.0","INIT","5","0"
"268","EDGE","597","EDGE","195.41823984735788","true","113.53565225079942","119.48026179472768","0.0","1155.0","true","0.0","0.0","INIT","3","0"
"597","EDGE","268","EDGE","195.41823984735788","true","113.53565225079942","119.48026179472768","0.0","1155.0","true","0.0","0.0","INIT","3","0"
"268","EDGE","406","EDGE","220.2643404974185","true","114.57523416852959","119.48026179472768","0.0","1155.0","true","0.0","0.0","INIT","3","0"
"406","EDGE","268","EDGE","220.2643404974185","true","114.57523416852959","119.48026179472768","0.0","1155.0","true","0.0","0.0","INIT","3","0"
"28","EDGE","513","EDGE","14.90637662252165","true","91.18379210338341","95.98026179472768","0.0","8085.0","true","0.0","0.0","INIT","20","0"
"513","EDGE","28","EDGE","14.90637662252165","true","91.18379210338341","95.98026179472768","0.0","8085.0","true","0.0","0.0","INIT","20","0"
"28","EDGE","102","EDGE","22.521727566717534","true","94.76838432100688","95.98026179472768","0.0","8085.0","true","0.0","0.0","INIT","20","0"
"102","EDGE","28","EDGE","22.521727566717534","true","94.76838432100688","95.98026179472768","0.0","8085.0","true","0.0","0.0","INIT","20","0"
"367","EDGE","510","EDGE","112.85495625028099","true","108.76676304100164","112.48026179472768","0.0","2695.0","true","0.0","0.0","INIT","10","0"
"510","EDGE","367","EDGE","112.85495625028099","true","108.76676304100164","112.48026179472768","0.0","2695.0","true","0.0","0.0","INIT","10","0"
"249","EDGE","521","EDGE","54.58986890504481","true","102.45859133359475","103.48026179472768","0.0","5390.0","true","0.0","0.0","INIT","15","0"
"521","EDGE","249","EDGE","54.58986890504481","true","102.45859133359475","103.48026179472768","0.0","5390.0","true","0.0","0.0","INIT","15","0"
"249","EDGE","550","EDGE","86.02412285208108","true","106.40875536653768","107.48026179472768","0.0","3850.0","true","0.0","0.0","INIT","12","0"
"550","EDGE","249","EDGE","86.02412285208108","true","106.40875536653768","107.48026179472768","0.0","3850.0","true","0.0","0.0","INIT","12","0"
"249","EDGE","353","EDGE","101.69392890499746","true","107.86225083530016","109.48026179472768","0.0","3080.0","true","0.0","0.0","INIT","11","0"
"353","EDGE","249","EDGE","101.69392890499746","true","107.86225083530016","109.48026179472768","0.0","3080.0","true","0.0","0.0","INIT","11","0"
"249","EDGE","494","EDGE","135.3571243649631","true","110.34597269206921","113.48026179472768","0.0","2503.0","true","0.0","0.0","INIT","9","0"
"494","EDGE","249","EDGE","135.3571243649631","true","110.34597269206921","113.48026179472768","0.0","2503.0","true","0.0","0.0","INIT","9","0"
"249","EDGE","300","EDGE","136.22269343088033","true","110.40133956651975","113.48026179472768","0.0","2503.0","true","0.0","0.0","INIT","9","0"
"300","EDGE","249","EDGE","136.22269343088033","true","110.40133956651975","113.48026179472768","0.0","2503.0","true","0.0","0.0","INIT","9","0"
"249","EDGE","518","EDGE","146.57504989225168","true","111.03755131990009","114.48026179472768","0.0","2310.0","true","0.0","0.0","INIT","8","0"
"518","EDGE","249","EDGE","146.57504989225168","true","111.03755131990009","114.48026179472768","0.0","2310.0","true","0.0","0.0","INIT","8","0"
"249","EDGE","503","EDGE","167.471541451225","true","112.19517066013253","117.48026179472768","0.0","1348.0","true","0.0","0.0","INIT","5","0"
"503","EDGE","249","EDGE","167.471541451225","true","112.19517066013253","117.48026179472768","0.0","1348.0","true","0.0","0.0","INIT","5","0"
"249","EDGE","263","EDGE","172.93206393087644","true","112.47386080177623","117.48026179472768","0.0","1348.0","true","0.0","0.0","INIT","5","0"
"263","EDGE","249","EDGE","172.93206393087644","true","112.47386080177623","117.48026179472768","0.0","1348.0","true","0.0","0.0","INIT","5","0"
"249","EDGE","414","EDGE","429.33970005958065","true","120.37237127726121","124.38026179472769","0.0","385.0","true","0.0","0.0","INIT","0","0"
"414","EDGE","249","EDGE","429.33970005958065","true","120.37237127726121","124.38026179472769","0.0","385.0","true","0.0","0.0","INIT","0","0"
"26","EDGE","562","EDGE","23.914444363847338","true","95.28955620185428","95.98026179472768","0.0","8085.0","true","0.0","0.0","INIT","20","0"
"562","EDGE","26","EDGE","23.914444363847338","true","95.28955620185428","95.98026179472768","0.0","8085.0","true","0.0","0.0","INIT","20","0"
"26","EDGE","108","EDGE","54.73596054827429","true","102.48180518254131","103.48026179472768","0.0","5390.0","true","0.0","0.0","INIT","15","0"
"108","EDGE","26","EDGE","54.73596054827429","true","102.48180518254131","103.48026179472768","0.0","5390.0","true","0.0","0.0","INIT","15","0"
"26","EDGE","358","EDGE","65.98002847336103","true","104.1046002787392","105.1802617947277","0.0","5005.0","true","0.0","0.0","INIT","14","0"
"358","EDGE","26","EDGE","65.98002847336103","true","104.1046002787392","105.1802617947277","0.0","5005.0","true","0.0","0.0","INIT","14","0"
"26","EDGE","278","EDGE","98.56242027531837","true","107.59057749386145","109.48026179472768","0.0","3080.0","true","0.0","0.0","INIT","11","0"
"278","EDGE","26","EDGE","98.56242027531837","true","107.59057749386145","109.48026179472768","0.0","3080.0","true","0.0","0.0","INIT","11","0"
"26","EDGE","209","EDGE","107.66416947721675","true","108.35777419808498","109.48026179472768","0.0","3080.0","true","0.0","0.0","INIT","11","0"
"209","EDGE","26","EDGE","107.66416947721675","true","108.35777419808498","109.48026179472768","0.0","3080.0","true","0.0","0.0","INIT","11","0"
"109","EDGE","516","EDGE","17.257480614047953","true","92.45589819023678","95.98026179472768","0.0","8085.0","true","0.0","0.0","INIT","20","0"
"516","EDGE","109","EDGE","17.257480614047953","true","92.45589819023678","95.98026179472768","0.0","8085.0","true","0.0","0.0","INIT","20","0"
"426","EDGE","448","EDGE","51.56918049743654","true","101.96415490514163","103.48026179472768","0.0","5390.0","true","0.0","0.0","INIT","15","0"
"448","EDGE","426","EDGE","51.56918049743654","true","101.96415490514163","103.48026179472768","0.0","5390.0","true","0.0","0.0","INIT","15","0"
"426","EDGE","437","EDGE","96.03121795749064","true","107.36459904672805","107.48026179472768","0.0","3850.0","true","0.0","0.0","INIT","12","0"
"437","EDGE","426","EDGE","96.03121795749064","true","107.36459904672805","107.48026179472768","0.0","3850.0","true","0.0","0.0","INIT","12","0"
"426","EDGE","450","EDGE","147.91024596117734","true","111.11631549137985","114.48026179472768","0.0","2310.0","true","0.0","0.0","INIT","8","0"
"450","EDGE","426","EDGE","147.91024596117734","true","111.11631549137985","114.48026179472768","0.0","2310.0","true","0.0","0.0","INIT","8","0"
"493","EDGE","536","EDGE","72.63440156176954","true","104.93919756036597","106.1802617947277","0.0","4620.0","true","0.0","0.0","INIT","13","0"
"536","EDGE","493","EDGE","72.63440156176954","true","104.93919756036597","106.1802617947277","0.0","4620.0","true","0.0","0.0","INIT","13","0"
"493","EDGE","557","EDGE","86.69522370140959","true","106.47625373732328","107.48026179472768","0.0","3850.0","true","0.0","0.0","INIT","12","0"
"557","EDGE","493","EDGE","86.69522370140959","true","106.47625373732328","107.48026179472768","0.0","3850.0","true","0.0","0.0","INIT","12","0"
"493","EDGE","574","EDGE","120.25629973902453","true","109.31850703750779","112.48026179472768","0.0","2695.0","true","0.0","0.0","INIT","10","0"
"574","EDGE","493","EDGE","120.25629973902453","true","109.31850703750779","112.48026179472768","0.0","2695.0","true","0.0","0.0","INIT","10","0"
"493","EDGE","509","EDGE","162.47043235165248","true","111.93183702973826","117.48026179472768","0.0","1348.0","true","0.0","0.0","INIT","5","0"
"509","EDGE","493","EDGE","162.47043235165248","true","111.93183702973826","117.48026179472768","0.0","1348.0","true","0.0","0.0","INIT","5","0"
"455","EDGE","574","EDGE","58.37944372738618","true","103.0415493555255","103.48026179472768","0.0","5390.0","true","0.0","0.0","INIT","15","0"
"574","EDGE","455","EDGE","58.37944372738618","true","103.0415493555255","103.48026179472768","0.0","5390.0","true","0.0","0.0","INIT","15","0"
"455","EDGE","460","EDGE","88.54160464950212","true","106.65929807584041","107.48026179472768","0.0","3850.0","true","0.0","0.0","INIT","12","0"
"460","EDGE","455","EDGE","88.54160464950212","true","106.65929807584041","107.48026179472768","0.0","3850.0","true","0.0","0.0","INIT","12","0"
"455","EDGE","509","EDGE","100.0919102995685","true","107.72432986692729","109.48026179472768","0.0","3080.0","true","0.0","0.0","INIT","11","0"
"509","EDGE","455","EDGE","100.0919102995685","true","107.72432986692729","109.48026179472768","0.0","3080.0","true","0.0","0.0","INIT","11","0"
"455","EDGE","557","EDGE","100.2837759674747","true","107.74096386636245","109.48026179472768","0.0","3080.0","true","0.0","0.0","INIT","11","0"
"557","EDGE","455","EDGE","100.2837759674747","true","107.74096386636245","109.48026179472768","0.0","3080.0","true","0.0","0.0","INIT","11","0"
"455","EDGE","536","EDGE","111.29017478358722","true","108.6454867958354","112.48026179472768","0.0","2695.0","true","0.0","0.0","INIT","10","0"
"536","EDGE","455","EDGE","111.29017478358722","true","108.6454867958354","112.48026179472768","0.0","2695.0","true","0.0","0.0","INIT","10","0"
"429","EDGE","517","EDGE","176.9734067424519","true","112.67451052917406","117.48026179472768","0.0","1348.0","true","0.0","0.0","INIT","5","0"
"517","EDGE","429","EDGE","176.9734067424519","true","112.67451052917406","117.48026179472768","0.0","1348.0","true","0.0","0.0","INIT","5","0"
"429","EDGE","575","EDGE","213.32911488007076","true","114.29735293500588","119.48026179472768","0.0","1155.0","true","0.0","0.0","INIT","3","0"
"575","EDGE","429","EDGE","213.32911488007076","true","114.29735293500588","119.48026179472768","0.0","1155.0","true","0.0","0.0","INIT","3","0"
